0.560000 0.000000 0.000000 0.560000 0.000000 -15.517600 0.931056
0.560000 -0.000000 0.000000 0.559950 0.000050 -15.516573 0.930994
0.560000 -0.000000 0.000000 0.559900 0.000100 -15.515546 0.930933
0.560000 -0.000000 0.000000 0.559849 0.000149 -15.514519 0.930871
0.560000 -0.000000 0.000000 0.559799 0.000199 -15.513492 0.930810
0.560000 -0.000000 0.000000 0.559548 0.000448 -15.508358 0.930501
0.560000 -0.000000 0.000000 0.559297 0.000697 -15.503224 0.930193
0.560000 -0.000000 0.000000 0.559046 0.000946 -15.498091 0.929885
0.560000 -0.000000 0.000000 0.558795 0.001194 -15.492958 0.929577
0.560000 -0.000000 0.000000 0.557542 0.002436 -15.467303 0.928038
0.560000 -0.000000 0.000000 0.556292 0.003676 -15.441662 0.926500
0.560000 -0.000001 0.000001 0.555043 0.004914 -15.416034 0.924962
0.560000 -0.000001 0.000001 0.553796 0.006150 -15.390421 0.923425
0.560000 -0.000004 0.000004 0.547594 0.012299 -15.262565 0.915754
0.560000 -0.000009 0.000009 0.541442 0.018397 -15.135059 0.908104
0.560000 -0.000016 0.000016 0.535343 0.024444 -15.007903 0.900474
0.560000 -0.000025 0.000024 0.529293 0.030441 -14.881097 0.892866
0.560000 -0.000097 0.000096 0.499802 0.059678 -14.252324 0.855139
0.560000 -0.000216 0.000214 0.471545 0.087693 -13.632318 0.817939
0.560000 -0.000378 0.000375 0.444489 0.114520 -13.021086 0.781265
0.560000 -0.000583 0.000578 0.418603 0.140189 -12.418632 0.745118
0.560000 -0.001529 0.001516 0.341373 0.216799 -10.499920 0.629995
0.560000 -0.002850 0.002826 0.275429 0.282276 -8.675774 0.520546
0.560000 -0.004489 0.004452 0.219800 0.337597 -6.945543 0.416733
0.560000 -0.006394 0.006343 0.173578 0.383676 -5.308293 0.318498
0.560000 -0.009547 0.009475 0.121347 0.436004 -3.087571 0.185254
0.560000 -0.013037 0.012946 0.084856 0.472959 -1.055429 0.063326
0.560000 -0.016753 0.016649 0.061898 0.496749 0.795521 -0.047731
0.560000 -0.020599 0.020489 0.050446 0.509397 2.473687 -0.148421
0.560000 -0.025641 0.025539 0.049731 0.512190 4.406330 -0.264380
0.560000 -0.030626 0.030556 0.061794 0.502776 6.088260 -0.365296
0.560000 -0.035445 0.035436 0.083666 0.484090 7.542961 -0.452578
0.560000 -0.040011 0.040096 0.112799 0.458644 8.792077 -0.527525
0.560000 -0.045000 0.045247 0.153799 0.422610 10.033449 -0.602007
0.560000 -0.049483 0.049953 0.199356 0.382595 11.048770 -0.662926
0.560000 -0.053423 0.054185 0.247398 0.340603 11.867231 -0.712034
0.560000 -0.056795 0.057922 0.296294 0.298200 12.512749 -0.750765
0.560000 -0.059851 0.061473 0.349884 0.252226 13.050108 -0.783006
0.560000 -0.062225 0.064442 0.402005 0.208100 13.428877 -0.805733
0.560000 -0.063944 0.066861 0.451921 0.166476 13.672173 -0.820330
0.560000 -0.065035 0.068762 0.499079 0.127842 13.799543 -0.827973
0.560000 -0.065541 0.070229 0.544891 0.091088 13.827562 -0.829654
0.560000 -0.065454 0.071227 0.587214 0.057939 13.767039 -0.826022
0.560000 -0.064824 0.071805 0.626017 0.028369 13.634094 -0.818046
0.560000 -0.063696 0.072010 0.661294 0.002335 13.442844 -0.806571
0.560000 -0.062247 0.071904 0.690853 -0.018698 13.224752 -0.793485
0.560000 -0.060447 0.071554 0.717605 -0.036982 12.976236 -0.778574
0.560000 -0.058331 0.070993 0.741711 -0.052700 12.704928 -0.762296
0.560000 -0.055931 0.070252 0.763322 -0.066027 12.417474 -0.745048
0.560000 -0.053207 0.069334 0.783050 -0.077389 12.112144 -0.726729
0.560000 -0.050246 0.068285 0.800557 -0.086671 11.800821 -0.708049
0.560000 -0.047075 0.067130 0.816059 -0.094100 11.487593 -0.689256
0.560000 -0.043718 0.065890 0.829751 -0.099878 11.175840 -0.670550
0.560000 -0.039351 0.064274 0.844429 -0.105023 10.797205 -0.647832
0.560000 -0.034770 0.062592 0.857022 -0.108342 10.428067 -0.625684
0.560000 -0.030005 0.060869 0.867871 -0.110183 10.070494 -0.604230
0.560000 -0.025081 0.059128 0.877259 -0.110828 9.725962 -0.583558
0.560000 -0.018820 0.056979 0.887202 -0.110351 9.320099 -0.559206
0.560000 -0.012379 0.054849 0.895751 -0.108875 8.934335 -0.536060
0.560000 -0.005782 0.052753 0.903256 -0.106740 8.567196 -0.514032
0.560000 0.000952 0.050703 0.909977 -0.104198 8.217642 -0.493059
0.560000 0.010280 0.048011 0.918230 -0.100472 7.769532 -0.466172
0.560000 0.019817 0.045417 0.925766 -0.096673 7.345612 -0.440737
0.560000 0.029552 0.042915 0.932766 -0.092953 6.940977 -0.416459
0.560000 0.039467 0.040508 0.939396 -0.089458 6.553654 -0.393219
0.560000 0.048176 0.038502 0.944915 -0.086685 6.231388 -0.373883
0.560000 0.057009 0.036557 0.950209 -0.084103 5.918634 -0.355118
0.560000 0.065960 0.034667 0.955264 -0.081683 5.614401 -0.336864
0.560000 0.075024 0.032831 0.960083 -0.079417 5.317996 -0.319080
0.560000 0.085627 0.030773 0.965357 -0.076980 4.984617 -0.299077
0.560000 0.096364 0.028777 0.970274 -0.074677 4.660476 -0.279629
0.560000 0.107227 0.026840 0.974813 -0.072474 4.345295 -0.260718
0.560000 0.118203 0.024960 0.978973 -0.070355 4.038761 -0.242326
0.560000 0.132826 0.022565 0.983879 -0.067672 3.647584 -0.218855
0.560000 0.147606 0.020263 0.988116 -0.065073 3.270979 -0.196259
0.560000 0.162522 0.018050 0.991696 -0.062540 2.908906 -0.174534
0.560000 0.177550 0.015924 0.994641 -0.060067 2.560903 -0.153654
0.560000 0.200071 0.012915 0.997875 -0.056466 2.068412 -0.124105
0.560000 0.222725 0.010089 0.999843 -0.052989 1.605907 -0.096354
0.560000 0.245447 0.007443 1.000663 -0.049668 1.172615 -0.070357
0.560000 0.268182 0.004966 1.000375 -0.046459 0.767108 -0.046026
0.560000 0.289016 0.002834 0.999177 -0.043585 0.418405 -0.025104
0.560000 0.309775 0.000836 0.997175 -0.040810 0.091681 -0.005501
0.560000 0.330422 -0.001034 0.994426 -0.038132 -0.213976 0.012839
0.560000 0.350922 -0.002779 0.990987 -0.035553 -0.499208 0.029952
0.560000 0.376704 -0.004824 0.985705 -0.032420 -0.833410 0.050005
0.560000 0.402141 -0.006686 0.979495 -0.029442 -1.137388 0.068243
0.560000 0.427177 -0.008371 0.972454 -0.026618 -1.412405 0.084744
0.560000 0.451766 -0.009891 0.964675 -0.023946 -1.660371 0.099622
0.560000 0.479025 -0.011425 0.955050 -0.021066 -1.910135 0.114608
0.560000 0.505604 -0.012769 0.944716 -0.018381 -2.129096 0.127746
0.560000 0.531456 -0.013937 0.933814 -0.015915 -2.319833 0.139190
0.560000 0.556546 -0.014940 0.922368 -0.013586 -2.483302 0.148998
0.560000 0.570073 -0.015428 0.915829 -0.012341 -2.562272 0.153736
0.560000 0.583351 -0.015870 0.909186 -0.011154 -2.633824 0.158029
0.560000 0.596378 -0.016269 0.902447 -0.010017 -2.698244 0.161895
0.560000 0.609149 -0.016625 0.895627 -0.008930 -2.755865 0.165352
0.560000 0.621662 -0.016942 0.888742 -0.007894 -2.807009 0.168421
0.560000 0.633914 -0.017221 0.881798 -0.006902 -2.851905 0.171114
0.560000 0.645904 -0.017463 0.874807 -0.005954 -2.890808 0.173448
0.560000 0.657630 -0.017670 0.867780 -0.005048 -2.923988 0.175439
0.560000 0.673231 -0.017899 0.858134 -0.003873 -2.960554 0.177633
0.560000 0.688335 -0.018070 0.848467 -0.002773 -2.987529 0.179252
0.560000 0.702941 -0.018186 0.838806 -0.001745 -3.005534 0.180332
0.560000 0.717051 -0.018251 0.829170 -0.000785 -3.015157 0.180909
0.560000 0.733930 -0.018265 0.817239 0.000317 -3.016268 0.180976
0.560000 0.750047 -0.018212 0.805418 0.001323 -3.006326 0.180380
0.560000 0.765412 -0.018097 0.793738 0.002238 -2.986343 0.179181
0.560000 0.780032 -0.017927 0.782232 0.003065 -2.957249 0.177435
0.560000 0.792207 -0.017737 0.772344 0.003717 -2.925094 0.175506
0.560000 0.803832 -0.017512 0.762625 0.004308 -2.887255 0.173235
0.560000 0.814918 -0.017255 0.753090 0.004840 -2.844254 0.170655
0.560000 0.825475 -0.016970 0.743750 0.005318 -2.796641 0.167798
0.560000 0.835726 -0.016653 0.734420 0.005754 -2.743736 0.164624
0.560000 0.845449 -0.016312 0.725315 0.006140 -2.687011 0.161221
0.560000 0.854658 -0.015951 0.716444 0.006477 -2.626957 0.157617
0.560000 0.863366 -0.015572 0.707814 0.006770 -2.563972 0.153838
0.560000 0.873364 -0.015087 0.697591 0.007069 -2.483537 0.149012
0.560000 0.882658 -0.014582 0.687747 0.007310 -2.400013 0.144001
0.560000 0.891276 -0.014063 0.678286 0.007498 -2.313960 0.138838
0.560000 0.899245 -0.013533 0.669218 0.007634 -2.226148 0.133569
0.560000 0.903833 -0.013203 0.663842 0.007692 -2.171598 0.130296
0.560000 0.908192 -0.012870 0.658613 0.007736 -2.116691 0.127001
0.560000 0.912329 -0.012537 0.653532 0.007763 -2.061553 0.123693
0.560000 0.916250 -0.012202 0.648599 0.007777 -2.006273 0.120376
0.560000 0.919962 -0.011867 0.643811 0.007778 -1.950940 0.117056
0.560000 0.923471 -0.011532 0.639170 0.007766 -1.895664 0.113740
0.560000 0.926783 -0.011198 0.634674 0.007741 -1.840535 0.110432
0.560000 0.929905 -0.010865 0.630322 0.007705 -1.785636 0.107138
0.560000 0.934493 -0.010340 0.623694 0.007627 -1.698992 0.101940
0.560000 0.938640 -0.009821 0.617421 0.007524 -1.613402 0.096804
0.560000 0.942369 -0.009310 0.611496 0.007398 -1.529101 0.091746
0.560000 0.945703 -0.008808 0.605911 0.007253 -1.446356 0.086781
0.560000 0.949266 -0.008210 0.599549 0.007057 -1.347759 0.080866
0.560000 0.952319 -0.007630 0.593664 0.006838 -1.252163 0.075130
0.560000 0.954900 -0.007069 0.588241 0.006599 -1.160029 0.069602
0.560000 0.957046 -0.006529 0.583248 0.006354 -1.071118 0.064267
0.560000 0.957989 -0.006260 0.580852 0.006226 -1.026774 0.061606
0.560000 0.958832 -0.005996 0.578566 0.006093 -0.983388 0.059003
0.560000 0.959579 -0.005738 0.576385 0.005958 -0.940935 0.056456
0.560000 0.960235 -0.005487 0.574308 0.005820 -0.899473 0.053968
0.560000 0.960804 -0.005241 0.572331 0.005680 -0.859043 0.051543
0.560000 0.961291 -0.005001 0.570451 0.005539 -0.819606 0.049176
0.560000 0.961699 -0.004767 0.568666 0.005396 -0.781163 0.046870
0.560000 0.962033 -0.004539 0.566971 0.005254 -0.743719 0.044623
0.560000 0.962352 -0.004263 0.564974 0.005077 -0.698230 0.041894
0.560000 0.962568 -0.003995 0.563111 0.004900 -0.654309 0.039259
0.560000 0.962688 -0.003738 0.561377 0.004723 -0.611961 0.036718
0.560000 0.962718 -0.003489 0.559766 0.004548 -0.571167 0.034270
0.560000 0.962626 -0.003164 0.557750 0.004309 -0.517715 0.031063
0.560000 0.962393 -0.002856 0.555946 0.004073 -0.467123 0.028027
0.560000 0.962034 -0.002565 0.554339 0.003842 -0.419313 0.025159
0.560000 0.961565 -0.002291 0.552921 0.003615 -0.374294 0.022458
0.560000 0.961152 -0.002098 0.551980 0.003450 -0.342609 0.020557
0.560000 0.960690 -0.001914 0.551132 0.003289 -0.312396 0.018744
0.560000 0.960185 -0.001739 0.550371 0.003129 -0.283651 0.017019
0.560000 0.959639 -0.001572 0.549693 0.002974 -0.256306 0.015378
0.560000 0.959059 -0.001413 0.549092 0.002823 -0.230313 0.013819
0.560000 0.958449 -0.001263 0.548566 0.002676 -0.205658 0.012340
0.560000 0.957811 -0.001121 0.548107 0.002535 -0.182295 0.010938
0.560000 0.957150 -0.000986 0.547715 0.002397 -0.160201 0.009612
0.560000 0.956472 -0.000859 0.547387 0.002262 -0.139427 0.008366
0.560000 0.955778 -0.000740 0.547117 0.002132 -0.119842 0.007191
0.560000 0.955071 -0.000627 0.546903 0.002004 -0.101407 0.006084
0.560000 0.954353 -0.000521 0.546739 0.001880 -0.084088 0.005045
0.560000 0.953672 -0.000428 0.546627 0.001770 -0.068803 0.004128
0.560000 0.952986 -0.000340 0.546553 0.001663 -0.054433 0.003266
0.560000 0.952298 -0.000258 0.546516 0.001560 -0.040951 0.002457
0.560000 0.951608 -0.000181 0.546513 0.001461 -0.028321 0.001699
0.560000 0.950911 -0.000108 0.546542 0.001363 -0.016363 0.000982
0.560000 0.950215 -0.000040 0.546602 0.001269 -0.005219 0.000313
0.560000 0.949524 0.000024 0.546689 0.001179 0.005147 -0.000309
0.560000 0.948837 0.000083 0.546803 0.001092 0.014760 -0.000886
0.560000 0.948047 0.000145 0.546963 0.000996 0.025030 -0.001502
0.560000 0.947268 0.000203 0.547152 0.000905 0.034372 -0.002062
0.560000 0.946501 0.000254 0.547367 0.000818 0.042826 -0.002570
0.560000 0.945747 0.000301 0.547605 0.000736 0.050448 -0.003027
0.560000 0.945045 0.000341 0.547849 0.000662 0.056959 -0.003418
0.560000 0.944358 0.000377 0.548110 0.000592 0.062795 -0.003768
0.560000 0.943686 0.000409 0.548384 0.000526 0.067997 -0.004080
0.560000 0.943030 0.000437 0.548670 0.000463 0.072593 -0.004356
0.560000 0.942390 0.000462 0.548967 0.000404 0.076614 -0.004597
0.560000 0.941768 0.000483 0.549273 0.000348 0.080096 -0.004806
0.560000 0.941164 0.000502 0.549587 0.000295 0.083069 -0.004984
0.560000 0.940577 0.000517 0.549906 0.000246 0.085566 -0.005134
0.560000 0.940019 0.000530 0.550223 0.000201 0.087591 -0.005255
0.560000 0.939478 0.000540 0.550543 0.000159 0.089215 -0.005353
0.560000 0.938956 0.000548 0.550865 0.000120 0.090462 -0.005428
0.560000 0.938451 0.000553 0.551187 0.000084 0.091361 -0.005482
0.560000 0.937989 0.000557 0.551494 0.000051 0.091912 -0.005515
0.560000 0.937544 0.000559 0.551799 0.000021 0.092189 -0.005531
0.560000 0.937114 0.000559 0.552103 -0.000008 0.092214 -0.005533
0.560000 0.936701 0.000558 0.552405 -0.000034 0.092002 -0.005520
0.560000 0.936292 0.000555 0.552713 -0.000059 0.091555 -0.005493
0.560000 0.935899 0.000552 0.553017 -0.000081 0.090896 -0.005454
0.560000 0.935523 0.000547 0.553317 -0.000102 0.090038 -0.005402
0.560000 0.935164 0.000540 0.553612 -0.000120 0.089005 -0.005340
0.560000 0.934766 0.000532 0.553949 -0.000140 0.087597 -0.005256
0.560000 0.934389 0.000523 0.554279 -0.000158 0.085997 -0.005160
0.560000 0.934032 0.000512 0.554600 -0.000173 0.084234 -0.005054
0.560000 0.933697 0.000500 0.554913 -0.000187 0.082318 -0.004939
0.560000 0.933413 0.000489 0.555186 -0.000197 0.080488 -0.004829
0.560000 0.933145 0.000478 0.555451 -0.000206 0.078567 -0.004714
0.560000 0.932891 0.000466 0.555709 -0.000214 0.076560 -0.004594
0.560000 0.932653 0.000453 0.555959 -0.000221 0.074488 -0.004469
0.560000 0.932428 0.000440 0.556201 -0.000227 0.072367 -0.004342
0.560000 0.932217 0.000427 0.556435 -0.000231 0.070201 -0.004212
0.560000 0.932019 0.000414 0.556660 -0.000233 0.068006 -0.004080
0.560000 0.931834 0.000401 0.556878 -0.000235 0.065785 -0.003947
0.560000 0.931666 0.000387 0.557082 -0.000237 0.063601 -0.003816
0.560000 0.931508 0.000374 0.557279 -0.000238 0.061408 -0.003685
0.560000 0.931362 0.000361 0.557469 -0.000238 0.059213 -0.003553
0.560000 0.931226 0.000348 0.557652 -0.000238 0.057020 -0.003421
0.560000 0.931106 0.000335 0.557816 -0.000237 0.054965 -0.003298
0.560000 0.930996 0.000323 0.557974 -0.000235 0.052922 -0.003175
0.560000 0.930893 0.000310 0.558125 -0.000232 0.050895 -0.003054
0.560000 0.930799 0.000298 0.558270 -0.000230 0.048891 -0.002933
0.560000 0.930708 0.000286 0.558414 -0.000226 0.046842 -0.002811
0.560000 0.930626 0.000274 0.558551 -0.000223 0.044823 -0.002689
0.560000 0.930551 0.000262 0.558682 -0.000219 0.042840 -0.002570
0.560000 0.930482 0.000250 0.558807 -0.000216 0.040891 -0.002453
0.560000 0.930410 0.000236 0.558946 -0.000210 0.038643 -0.002319
0.560000 0.930347 0.000223 0.559076 -0.000205 0.036449 -0.002187
0.560000 0.930291 0.000210 0.559198 -0.000199 0.034307 -0.002058
0.560000 0.930244 0.000197 0.559313 -0.000193 0.032229 -0.001934
0.560000 0.930206 0.000186 0.559411 -0.000188 0.030397 -0.001824
0.560000 0.930175 0.000175 0.559502 -0.000182 0.028621 -0.001717
0.560000 0.930148 0.000165 0.559588 -0.000176 0.026907 -0.001614
0.560000 0.930126 0.000155 0.559668 -0.000170 0.025248 -0.001515
0.560000 0.930109 0.000145 0.559742 -0.000164 0.023641 -0.001418
0.560000 0.930096 0.000135 0.559812 -0.000158 0.022090 -0.001325
0.560000 0.930087 0.000126 0.559877 -0.000153 0.020590 -0.001235
0.560000 0.930082 0.000118 0.559938 -0.000147 0.019148 -0.001149
0.560000 0.930080 0.000110 0.559990 -0.000142 0.017838 -0.001070
0.560000 0.930081 0.000102 0.560038 -0.000136 0.016579 -0.000995
0.560000 0.930084 0.000095 0.560082 -0.000130 0.015370 -0.000922
0.560000 0.930090 0.000088 0.560123 -0.000124 0.014213 -0.000853
0.560000 0.930094 0.000084 0.560145 -0.000121 0.013591 -0.000815
0.560000 0.930099 0.000080 0.560165 -0.000119 0.012984 -0.000779
0.560000 0.930104 0.000076 0.560184 -0.000116 0.012390 -0.000743
0.560000 0.930110 0.000073 0.560203 -0.000113 0.011812 -0.000709
