0.720000 0.000000 0.000000 0.720000 0.000000 -19.951200 1.197072
0.720000 -0.000000 0.000000 0.719950 0.000050 -19.950173 1.197010
0.720000 -0.000000 0.000000 0.719900 0.000100 -19.949146 1.196949
0.720000 -0.000000 0.000000 0.719849 0.000149 -19.948119 1.196887
0.720000 -0.000000 0.000000 0.719799 0.000199 -19.947092 1.196826
0.720000 -0.000000 0.000000 0.719548 0.000448 -19.941957 1.196517
0.720000 -0.000000 0.000000 0.719297 0.000697 -19.936823 1.196209
0.720000 -0.000000 0.000000 0.719046 0.000946 -19.931690 1.195901
0.720000 -0.000000 0.000000 0.718795 0.001195 -19.926556 1.195593
0.720000 -0.000000 0.000000 0.717541 0.002437 -19.900897 1.194054
0.720000 -0.000000 0.000000 0.716289 0.003678 -19.875248 1.192515
0.720000 -0.000000 0.000000 0.715039 0.004918 -19.849610 1.190977
0.720000 -0.000001 0.000001 0.713790 0.006156 -19.823983 1.189439
0.720000 -0.000003 0.000003 0.707571 0.012322 -19.696011 1.181761
0.720000 -0.000007 0.000007 0.701391 0.018448 -19.568311 1.174099
0.720000 -0.000012 0.000012 0.695252 0.024534 -19.440883 1.166453
0.720000 -0.000019 0.000019 0.689152 0.030582 -19.313728 1.158824
0.720000 -0.000076 0.000075 0.659244 0.060232 -18.682037 1.120922
0.720000 -0.000169 0.000168 0.630306 0.088921 -18.057162 1.083430
0.720000 -0.000298 0.000295 0.602319 0.116668 -17.439110 1.046347
0.720000 -0.000460 0.000456 0.575263 0.143494 -16.827883 1.009673
0.720000 -0.001433 0.001421 0.475589 0.242347 -14.441284 0.866477
0.720000 -0.002868 0.002844 0.389485 0.327802 -12.164851 0.729891
0.720000 -0.004700 0.004661 0.315859 0.400960 -9.998224 0.599893
0.720000 -0.006868 0.006813 0.253687 0.462853 -7.940794 0.476448
0.720000 -0.010574 0.010492 0.180773 0.535715 -5.099039 0.305942
0.720000 -0.014740 0.014634 0.127902 0.588971 -2.488055 0.149283
0.720000 -0.019230 0.019104 0.092422 0.625274 -0.100245 0.006015
0.720000 -0.023925 0.023786 0.071871 0.647087 2.073781 -0.124427
0.720000 -0.030250 0.030112 0.063776 0.657506 4.630878 -0.277853
0.720000 -0.036567 0.036456 0.073113 0.651214 6.866286 -0.411977
0.720000 -0.042731 0.042679 0.095929 0.632126 8.810917 -0.528655
0.720000 -0.048623 0.048670 0.128817 0.603610 10.493546 -0.629613
0.720000 -0.055090 0.055311 0.176604 0.561733 12.175521 -0.730531
0.720000 -0.060975 0.061442 0.230908 0.514085 13.575210 -0.814513
0.720000 -0.066224 0.067017 0.289009 0.463302 14.729232 -0.883754
0.720000 -0.070800 0.072005 0.348813 0.411401 15.666541 -0.939992
0.720000 -0.075148 0.076934 0.416695 0.353083 16.497296 -0.989838
0.720000 -0.078628 0.081121 0.483351 0.296532 17.115444 -1.026927
0.720000 -0.081267 0.084601 0.547766 0.242660 17.549246 -1.052955
0.720000 -0.083094 0.087406 0.609193 0.192124 17.822107 -1.069326
0.720000 -0.084207 0.089760 0.672688 0.140901 17.960840 -1.077650
0.720000 -0.084452 0.091421 0.731722 0.094353 17.956694 -1.077402
0.720000 -0.083896 0.092460 0.786165 0.052516 17.833261 -1.069996
0.720000 -0.082602 0.092939 0.835918 0.015411 17.611473 -1.056688
0.720000 -0.080868 0.092944 0.876474 -0.013845 17.345111 -1.040707
0.720000 -0.078642 0.092601 0.913417 -0.039552 17.027968 -1.021678
0.720000 -0.075971 0.091954 0.946890 -0.061893 16.671390 -1.000283
0.720000 -0.072896 0.091044 0.977035 -0.081040 16.285497 -0.977130
0.720000 -0.069403 0.089890 1.004392 -0.097398 15.873119 -0.952387
0.720000 -0.065578 0.088545 1.028733 -0.110927 15.447809 -0.926869
0.720000 -0.061458 0.087043 1.050301 -0.121886 15.016356 -0.900981
0.720000 -0.057077 0.085414 1.069323 -0.130517 14.584476 -0.875069
0.720000 -0.051492 0.083324 1.089191 -0.138161 14.069882 -0.844193
0.720000 -0.045621 0.081134 1.106151 -0.143237 13.567200 -0.814032
0.720000 -0.039507 0.078884 1.120634 -0.146182 13.080432 -0.784826
0.720000 -0.033185 0.076602 1.133008 -0.147367 12.612407 -0.756744
0.720000 -0.025489 0.073900 1.145375 -0.146961 12.085855 -0.725151
0.720000 -0.017584 0.071218 1.155834 -0.145122 11.587423 -0.695245
0.720000 -0.009500 0.068579 1.164845 -0.142298 11.115727 -0.666944
0.720000 -0.001261 0.065998 1.172765 -0.138833 10.669418 -0.640165
0.720000 0.011055 0.062345 1.183043 -0.133211 10.057829 -0.603470
0.720000 0.023635 0.058844 1.192259 -0.127418 9.486813 -0.569209
0.720000 0.036466 0.055486 1.200778 -0.121771 8.946976 -0.536819
0.720000 0.049521 0.052273 1.208894 -0.116532 8.434574 -0.506074
0.720000 0.060558 0.049705 1.215477 -0.112587 8.026295 -0.481578
0.720000 0.071741 0.047222 1.221869 -0.108971 7.630964 -0.457858
0.720000 0.083067 0.044816 1.228041 -0.105638 7.246837 -0.434810
0.720000 0.094528 0.042480 1.233992 -0.102572 6.872723 -0.412363
0.720000 0.107359 0.039975 1.240306 -0.099466 6.469455 -0.388167
0.720000 0.120341 0.037544 1.246271 -0.096574 6.076604 -0.364596
0.720000 0.133467 0.035182 1.251843 -0.093838 5.693784 -0.341627
0.720000 0.146727 0.032886 1.257012 -0.091232 5.320588 -0.319235
0.720000 0.164353 0.029962 1.263181 -0.087960 4.843813 -0.290629
0.720000 0.182168 0.027144 1.268602 -0.084804 4.383311 -0.262999
0.720000 0.200148 0.024427 1.273273 -0.081733 3.939190 -0.236351
0.720000 0.218267 0.021810 1.277211 -0.078733 3.510957 -0.210657
0.720000 0.244360 0.018234 1.281581 -0.074522 2.925736 -0.175544
0.720000 0.270624 0.014852 1.284578 -0.070436 2.372242 -0.142335
0.720000 0.296994 0.011662 1.286321 -0.066512 1.849930 -0.110996
0.720000 0.323415 0.008653 1.286844 -0.062702 1.357359 -0.081442
0.720000 0.347840 0.006025 1.286275 -0.059246 0.927500 -0.055650
0.720000 0.372221 0.003544 1.284795 -0.055896 0.521748 -0.031305
0.720000 0.396520 0.001205 1.282465 -0.052654 0.139240 -0.008354
0.720000 0.420701 -0.000997 1.279338 -0.049517 -0.220709 0.013243
0.720000 0.460504 -0.004364 1.272511 -0.044521 -0.771196 0.046272
0.720000 0.499752 -0.007384 1.263865 -0.039815 -1.264436 0.075866
0.720000 0.538318 -0.010071 1.253637 -0.035414 -1.702838 0.102170
0.720000 0.576100 -0.012453 1.242022 -0.031300 -2.091563 0.125494
0.720000 0.608667 -0.014316 1.230721 -0.027841 -2.394805 0.143688
0.720000 0.640498 -0.015968 1.218616 -0.024596 -2.663962 0.159838
0.720000 0.671545 -0.017425 1.205866 -0.021604 -2.902859 0.174172
0.720000 0.701766 -0.018697 1.192452 -0.018740 -3.110538 0.186632
0.720000 0.717848 -0.019314 1.184891 -0.017216 -3.210107 0.192606
0.720000 0.733669 -0.019879 1.177216 -0.015767 -3.301552 0.198093
0.720000 0.749224 -0.020396 1.169430 -0.014377 -3.385118 0.203107
0.720000 0.764511 -0.020867 1.161547 -0.013046 -3.461169 0.207670
0.720000 0.779525 -0.021292 1.153580 -0.011772 -3.530043 0.211803
0.720000 0.794265 -0.021675 1.145534 -0.010547 -3.591915 0.215515
0.720000 0.808727 -0.022017 1.137421 -0.009369 -3.647022 0.218821
0.720000 0.822910 -0.022318 1.129252 -0.008238 -3.695636 0.221738
0.720000 0.841441 -0.022663 1.118257 -0.006792 -3.750955 0.225057
0.720000 0.859466 -0.022943 1.107208 -0.005424 -3.795690 0.227741
0.720000 0.876983 -0.023162 1.096131 -0.004134 -3.830427 0.229826
0.720000 0.893992 -0.023324 1.085048 -0.002917 -3.855733 0.231344
0.720000 0.913594 -0.023446 1.071863 -0.001560 -3.874317 0.232459
0.720000 0.932478 -0.023496 1.058733 -0.000300 -3.881193 0.232872
0.720000 0.950645 -0.023480 1.045688 0.000866 -3.877238 0.232634
0.720000 0.968103 -0.023403 1.032758 0.001943 -3.863253 0.231795
0.720000 0.984120 -0.023276 1.020540 0.002890 -3.841257 0.230475
0.720000 0.999504 -0.023102 1.008470 0.003761 -3.811503 0.228690
0.720000 1.014261 -0.022885 0.996567 0.004561 -3.774611 0.226477
0.720000 1.028401 -0.022627 0.984848 0.005292 -3.731199 0.223872
0.720000 1.048875 -0.022163 0.967297 0.006287 -3.653391 0.219203
0.720000 1.067967 -0.021626 0.950262 0.007138 -3.563596 0.213816
0.720000 1.085718 -0.021025 0.933786 0.007852 -3.463663 0.207820
0.720000 1.102175 -0.020373 0.917893 0.008448 -3.355180 0.201311
0.720000 1.112193 -0.019925 0.907895 0.008776 -3.280847 0.196851
0.720000 1.121698 -0.019462 0.898160 0.009060 -3.203946 0.192237
0.720000 1.130704 -0.018985 0.888692 0.009304 -3.124828 0.187490
0.720000 1.139226 -0.018496 0.879496 0.009507 -3.043864 0.182632
0.720000 1.147278 -0.017998 0.870577 0.009671 -2.961405 0.177684
0.720000 1.154873 -0.017492 0.861934 0.009800 -2.877733 0.172664
0.720000 1.162027 -0.016981 0.853571 0.009894 -2.793127 0.167588
0.720000 1.168753 -0.016465 0.845484 0.009958 -2.707872 0.162472
0.720000 1.175966 -0.015870 0.836540 0.009998 -2.609515 0.156571
0.720000 1.182657 -0.015273 0.827959 0.010004 -2.510978 0.150659
0.720000 1.188847 -0.014677 0.819738 0.009979 -2.412603 0.144756
0.720000 1.194558 -0.014084 0.811874 0.009924 -2.314660 0.138880
0.720000 1.200979 -0.013357 0.802651 0.009821 -2.194820 0.131689
0.720000 1.206740 -0.012640 0.793957 0.009681 -2.076466 0.124588
0.720000 1.211880 -0.011933 0.785781 0.009505 -1.959888 0.117593
0.720000 1.216436 -0.011240 0.778111 0.009300 -1.845700 0.110742
0.720000 1.220315 -0.010586 0.771162 0.009088 -1.737756 0.104265
0.720000 1.223717 -0.009949 0.764664 0.008850 -1.632695 0.097962
0.720000 1.226674 -0.009330 0.758610 0.008582 -1.531210 0.091873
0.720000 1.229215 -0.008730 0.752952 0.008319 -1.432575 0.085955
0.720000 1.230347 -0.008434 0.750241 0.008191 -1.383697 0.083022
0.720000 1.231383 -0.008143 0.747636 0.008054 -1.335680 0.080141
0.720000 1.232329 -0.007856 0.745131 0.007913 -1.288512 0.077311
0.720000 1.233186 -0.007575 0.742724 0.007768 -1.242236 0.074534
0.720000 1.233958 -0.007300 0.740413 0.007619 -1.196881 0.071813
0.720000 1.234650 -0.007029 0.738193 0.007468 -1.152419 0.069145
0.720000 1.235264 -0.006764 0.736063 0.007317 -1.108846 0.066531
0.720000 1.235802 -0.006505 0.734021 0.007165 -1.066170 0.063970
0.720000 1.236452 -0.006141 0.731233 0.006947 -1.006396 0.060384
0.720000 1.236963 -0.005789 0.728616 0.006727 -0.948484 0.056909
0.720000 1.237343 -0.005448 0.726166 0.006507 -0.892443 0.053547
0.720000 1.237601 -0.005119 0.723874 0.006287 -0.838269 0.050296
0.720000 1.237771 -0.004684 0.720973 0.005986 -0.766830 0.046010
0.720000 1.237745 -0.004270 0.718347 0.005687 -0.698888 0.041933
0.720000 1.237542 -0.003878 0.715977 0.005397 -0.634408 0.038065
0.720000 1.237181 -0.003506 0.713853 0.005109 -0.573325 0.034399
0.720000 1.236826 -0.003247 0.712449 0.004900 -0.530772 0.031846
0.720000 1.236401 -0.002999 0.711163 0.004695 -0.489988 0.029399
0.720000 1.235912 -0.002761 0.709991 0.004491 -0.450932 0.027056
0.720000 1.235366 -0.002533 0.708926 0.004291 -0.413591 0.024815
0.720000 1.234767 -0.002316 0.707963 0.004097 -0.377930 0.022676
0.720000 1.234120 -0.002109 0.707097 0.003907 -0.343908 0.020634
0.720000 1.233431 -0.001911 0.706323 0.003722 -0.311501 0.018690
0.720000 1.232705 -0.001723 0.705636 0.003541 -0.280657 0.016839
0.720000 1.231769 -0.001505 0.704909 0.003324 -0.244946 0.014697
0.720000 1.230792 -0.001301 0.704299 0.003115 -0.211453 0.012687
0.720000 1.229779 -0.001110 0.703797 0.002913 -0.180084 0.010805
0.720000 1.228737 -0.000931 0.703396 0.002717 -0.150798 0.009048
0.720000 1.227849 -0.000791 0.703134 0.002559 -0.127875 0.007673
0.720000 1.226949 -0.000660 0.702933 0.002407 -0.106306 0.006378
0.720000 1.226039 -0.000536 0.702790 0.002259 -0.086058 0.005163
0.720000 1.225124 -0.000420 0.702700 0.002116 -0.067069 0.004024
0.720000 1.224205 -0.000311 0.702659 0.001979 -0.049287 0.002957
0.720000 1.223285 -0.000210 0.702665 0.001847 -0.032679 0.001961
0.720000 1.222366 -0.000115 0.702713 0.001720 -0.017196 0.001032
0.720000 1.221452 -0.000027 0.702802 0.001599 -0.002800 0.000168
0.720000 1.220476 0.000060 0.702937 0.001473 0.011489 -0.000689
0.720000 1.219509 0.000141 0.703112 0.001353 0.024629 -0.001478
0.720000 1.218553 0.000214 0.703322 0.001237 0.036672 -0.002200
0.720000 1.217610 0.000282 0.703563 0.001128 0.047667 -0.002860
0.720000 1.216708 0.000341 0.703825 0.001027 0.057395 -0.003444
0.720000 1.215821 0.000396 0.704110 0.000930 0.066229 -0.003974
0.720000 1.214950 0.000444 0.704417 0.000840 0.074205 -0.004452
0.720000 1.214097 0.000488 0.704742 0.000753 0.081376 -0.004883
0.720000 1.213300 0.000526 0.705069 0.000675 0.087506 -0.005250
0.720000 1.212520 0.000560 0.705409 0.000600 0.092973 -0.005578
0.720000 1.211759 0.000590 0.705761 0.000529 0.097818 -0.005869
0.720000 1.211017 0.000616 0.706122 0.000462 0.102065 -0.006124
0.720000 1.210216 0.000641 0.706533 0.000393 0.106118 -0.006367
0.720000 1.209440 0.000662 0.706951 0.000327 0.109522 -0.006571
0.720000 1.208689 0.000679 0.707375 0.000266 0.112313 -0.006739
0.720000 1.207962 0.000693 0.707804 0.000209 0.114541 -0.006872
0.720000 1.207307 0.000703 0.708206 0.000160 0.116147 -0.006969
0.720000 1.206673 0.000711 0.708610 0.000113 0.117324 -0.007039
0.720000 1.206062 0.000716 0.709013 0.000070 0.118106 -0.007086
0.720000 1.205473 0.000718 0.709415 0.000030 0.118514 -0.007111
0.720000 1.204905 0.000719 0.709815 -0.000007 0.118575 -0.007114
0.720000 1.204360 0.000718 0.710212 -0.000041 0.118315 -0.007099
0.720000 1.203836 0.000714 0.710606 -0.000073 0.117760 -0.007066
0.720000 1.203333 0.000710 0.710995 -0.000102 0.116933 -0.007016
0.720000 1.202795 0.000702 0.711424 -0.000132 0.115714 -0.006943
0.720000 1.202283 0.000694 0.711846 -0.000159 0.114213 -0.006853
0.720000 1.201796 0.000683 0.712259 -0.000183 0.112457 -0.006747
0.720000 1.201335 0.000671 0.712663 -0.000204 0.110477 -0.006629
0.720000 1.200900 0.000658 0.713056 -0.000222 0.108308 -0.006498
0.720000 1.200490 0.000644 0.713438 -0.000239 0.105965 -0.006358
0.720000 1.200102 0.000629 0.713811 -0.000254 0.103475 -0.006209
0.720000 1.199736 0.000613 0.714173 -0.000266 0.100850 -0.006051
0.720000 1.199414 0.000598 0.714501 -0.000276 0.098295 -0.005898
0.720000 1.199111 0.000582 0.714819 -0.000285 0.095657 -0.005739
0.720000 1.198825 0.000566 0.715127 -0.000291 0.092941 -0.005576
0.720000 1.198556 0.000549 0.715425 -0.000296 0.090173 -0.005410
0.720000 1.198303 0.000532 0.715715 -0.000300 0.087345 -0.005241
0.720000 1.198066 0.000515 0.715994 -0.000303 0.084487 -0.005069
0.720000 1.197844 0.000497 0.716263 -0.000305 0.081617 -0.004897
0.720000 1.197638 0.000480 0.716522 -0.000306 0.078732 -0.004724
0.720000 1.197443 0.000462 0.716775 -0.000306 0.075793 -0.004548
0.720000 1.197263 0.000444 0.717017 -0.000305 0.072860 -0.004372
0.720000 1.197096 0.000426 0.717250 -0.000303 0.069934 -0.004196
0.720000 1.196943 0.000409 0.717471 -0.000301 0.067031 -0.004022
0.720000 1.196802 0.000391 0.717683 -0.000298 0.064164 -0.003850
0.720000 1.196673 0.000374 0.717885 -0.000294 0.061333 -0.003680
0.720000 1.196555 0.000357 0.718076 -0.000288 0.058549 -0.003513
0.720000 1.196449 0.000341 0.718258 -0.000283 0.055812 -0.003349
0.720000 1.196361 0.000326 0.718416 -0.000278 0.053347 -0.003201
0.720000 1.196280 0.000311 0.718568 -0.000273 0.050927 -0.003056
0.720000 1.196208 0.000297 0.718712 -0.000268 0.048555 -0.002913
0.720000 1.196143 0.000283 0.718849 -0.000262 0.046233 -0.002774
0.720000 1.196088 0.000270 0.718971 -0.000257 0.044094 -0.002646
0.720000 1.196040 0.000257 0.719086 -0.000251 0.042005 -0.002520
0.720000 1.195997 0.000245 0.719196 -0.000244 0.039964 -0.002398
0.720000 1.195959 0.000232 0.719300 -0.000238 0.037975 -0.002278
0.720000 1.195923 0.000219 0.719408 -0.000231 0.035844 -0.002151
0.720000 1.195894 0.000207 0.719510 -0.000224 0.033777 -0.002027
0.720000 1.195869 0.000195 0.719605 -0.000217 0.031777 -0.001907
0.720000 1.195850 0.000183 0.719694 -0.000210 0.029842 -0.001791
0.720000 1.195832 0.000169 0.719799 -0.000200 0.027474 -0.001648
0.720000 1.195821 0.000155 0.719895 -0.000191 0.025209 -0.001513
0.720000 1.195817 0.000142 0.719983 -0.000182 0.023038 -0.001382
0.720000 1.195819 0.000129 0.720062 -0.000173 0.020976 -0.001259
0.720000 1.195824 0.000120 0.720119 -0.000166 0.019411 -0.001165
0.720000 1.195832 0.000110 0.720171 -0.000159 0.017913 -0.001075
0.720000 1.195843 0.000102 0.720219 -0.000152 0.016489 -0.000989
0.720000 1.195856 0.000093 0.720262 -0.000145 0.015126 -0.000908
