0.740000 0.000000 0.000000 0.740000 0.000000 -20.505400 1.230324
0.740000 -0.000000 0.000000 0.739950 0.000050 -20.504373 1.230262
0.740000 -0.000000 0.000000 0.739900 0.000100 -20.503346 1.230201
0.740000 -0.000000 0.000000 0.739849 0.000149 -20.502319 1.230139
0.740000 -0.000000 0.000000 0.739799 0.000199 -20.501292 1.230078
0.740000 -0.000000 0.000000 0.739548 0.000448 -20.496157 1.229769
0.740000 -0.000000 0.000000 0.739297 0.000697 -20.491023 1.229461
0.740000 -0.000000 0.000000 0.739046 0.000946 -20.485890 1.229153
0.740000 -0.000000 0.000000 0.738795 0.001195 -20.480756 1.228845
0.740000 -0.000000 0.000000 0.737541 0.002437 -20.455096 1.227306
0.740000 -0.000000 0.000000 0.736289 0.003679 -20.429447 1.225767
0.740000 -0.000000 0.000000 0.735039 0.004918 -20.403808 1.224228
0.740000 -0.000001 0.000001 0.733790 0.006156 -20.378179 1.222691
0.740000 -0.000003 0.000003 0.727569 0.012324 -20.250196 1.215012
0.740000 -0.000007 0.000007 0.721386 0.018453 -20.122478 1.207349
0.740000 -0.000012 0.000012 0.715243 0.024543 -19.995024 1.199701
0.740000 -0.000019 0.000018 0.709138 0.030595 -19.867836 1.192070
0.740000 -0.000074 0.000073 0.679190 0.060284 -19.235869 1.154152
0.740000 -0.000165 0.000163 0.650188 0.089037 -18.610534 1.116632
0.740000 -0.000290 0.000287 0.622112 0.116873 -17.991836 1.079510
0.740000 -0.000448 0.000444 0.594944 0.143810 -17.379780 1.042787
0.740000 -0.001425 0.001412 0.492543 0.245365 -14.936400 0.896184
0.740000 -0.002873 0.002848 0.403982 0.333256 -12.605024 0.756301
0.740000 -0.004727 0.004687 0.328153 0.408598 -10.385327 0.623120
0.740000 -0.006926 0.006870 0.264021 0.472435 -8.276748 0.496605
0.740000 -0.010698 0.010616 0.188514 0.547870 -5.358148 0.321489
0.740000 -0.014946 0.014838 0.133581 0.603177 -2.675540 0.160532
0.740000 -0.019530 0.019401 0.096518 0.641063 -0.221329 0.013280
0.740000 -0.024328 0.024186 0.074809 0.664041 2.013985 -0.120839
0.740000 -0.030812 0.030669 0.065749 0.675455 4.649314 -0.278959
0.740000 -0.037294 0.037177 0.074714 0.669583 6.953918 -0.417235
0.740000 -0.043624 0.043567 0.097624 0.650469 8.959735 -0.537584
0.740000 -0.049681 0.049723 0.130956 0.621592 10.696536 -0.641792
0.740000 -0.056328 0.056546 0.179539 0.579035 12.432994 -0.745980
0.740000 -0.062385 0.062851 0.234870 0.530497 13.880656 -0.832839
0.740000 -0.067795 0.068592 0.294150 0.478689 15.077079 -0.904625
0.740000 -0.072519 0.073735 0.355231 0.425682 16.051824 -0.963109
0.740000 -0.077031 0.078837 0.424812 0.365905 16.921419 -1.015285
0.740000 -0.080652 0.083179 0.493201 0.307882 17.572018 -1.054321
0.740000 -0.083410 0.086795 0.559354 0.252552 18.032402 -1.081944
0.740000 -0.085334 0.089718 0.622503 0.200588 18.326336 -1.099580
0.740000 -0.086534 0.092195 0.688297 0.147493 18.482746 -1.108965
0.740000 -0.086827 0.093949 0.749517 0.099201 18.488526 -1.109312
0.740000 -0.086284 0.095052 0.806017 0.055759 18.368224 -1.102093
0.740000 -0.084970 0.095570 0.857686 0.017194 18.143655 -1.088619
0.740000 -0.083196 0.095591 0.899737 -0.013174 17.871197 -1.072272
0.740000 -0.080909 0.095248 0.938067 -0.039888 17.544809 -1.052689
0.740000 -0.078158 0.094588 0.972818 -0.063129 17.176386 -1.030583
0.740000 -0.074987 0.093653 1.004127 -0.083066 16.776570 -1.006594
0.740000 -0.071385 0.092465 1.032517 -0.100098 16.348955 -0.980937
0.740000 -0.067436 0.091077 1.057781 -0.114198 15.907309 -0.954439
0.740000 -0.063180 0.089524 1.080166 -0.125630 15.458844 -0.927531
0.740000 -0.058653 0.087840 1.099900 -0.134638 15.009645 -0.900579
0.740000 -0.052896 0.085682 1.120439 -0.142599 14.475823 -0.868549
0.740000 -0.046845 0.083421 1.137955 -0.147891 13.954295 -0.837258
0.740000 -0.040542 0.081097 1.152894 -0.150962 13.449363 -0.806962
0.740000 -0.034026 0.078740 1.165634 -0.152195 12.964069 -0.777844
0.740000 -0.026132 0.075962 1.178276 -0.151768 12.421006 -0.745260
0.740000 -0.018026 0.073205 1.188943 -0.149852 11.907298 -0.714438
0.740000 -0.009738 0.070493 1.198109 -0.146907 11.421564 -0.685294
0.740000 -0.001294 0.067841 1.206143 -0.143292 10.962407 -0.657744
0.740000 0.011415 0.064063 1.216609 -0.137380 10.329797 -0.619788
0.740000 0.024392 0.060447 1.225974 -0.131290 9.740210 -0.584413
0.740000 0.037624 0.056979 1.234629 -0.125362 9.183539 -0.551012
0.740000 0.051086 0.053665 1.242884 -0.119874 8.655746 -0.519345
0.740000 0.062425 0.051027 1.249571 -0.115764 8.237007 -0.494220
0.740000 0.073912 0.048478 1.256075 -0.112006 7.831666 -0.469900
0.740000 0.085544 0.046007 1.262366 -0.108550 7.437866 -0.446272
0.740000 0.097315 0.043610 1.268440 -0.105379 7.054341 -0.423260
0.740000 0.110420 0.041053 1.274862 -0.102191 6.643049 -0.398583
0.740000 0.123680 0.038571 1.280937 -0.099227 6.242283 -0.374537
0.740000 0.137085 0.036160 1.286620 -0.096428 5.851646 -0.351099
0.740000 0.150625 0.033816 1.291899 -0.093764 5.470722 -0.328243
0.740000 0.168644 0.030826 1.298214 -0.090419 4.983386 -0.299003
0.740000 0.186855 0.027944 1.303769 -0.087195 4.512535 -0.270752
0.740000 0.205232 0.025165 1.308563 -0.084058 4.058301 -0.243498
0.740000 0.223754 0.022487 1.312611 -0.080994 3.620192 -0.217211
0.740000 0.250130 0.018867 1.317073 -0.076738 3.027715 -0.181663
0.740000 0.276678 0.015440 1.320165 -0.072605 2.466788 -0.148007
0.740000 0.303335 0.012204 1.322006 -0.068632 1.936895 -0.116214
0.740000 0.330047 0.009148 1.322625 -0.064771 1.436639 -0.086198
0.740000 0.354896 0.006460 1.322140 -0.061247 0.996991 -0.059819
0.740000 0.379705 0.003920 1.320732 -0.057828 0.581684 -0.034901
0.740000 0.404436 0.001524 1.318461 -0.054518 0.189864 -0.011392
0.740000 0.429052 -0.000733 1.315381 -0.051314 -0.179160 0.010750
0.740000 0.471633 -0.004357 1.308202 -0.045950 -0.771582 0.046295
0.740000 0.513603 -0.007592 1.298993 -0.040908 -1.300064 0.078004
0.740000 0.554812 -0.010457 1.288035 -0.036220 -1.767233 0.106034
0.740000 0.595146 -0.012982 1.275546 -0.031851 -2.179511 0.130771
0.740000 0.627851 -0.014838 1.264110 -0.028390 -2.481630 0.148898
0.740000 0.659826 -0.016488 1.251886 -0.025138 -2.750407 0.165024
0.740000 0.691029 -0.017948 1.239034 -0.022133 -2.990019 0.179401
0.740000 0.721418 -0.019226 1.225522 -0.019245 -3.198758 0.191925
0.740000 0.738048 -0.019863 1.217693 -0.017665 -3.301507 0.198090
0.740000 0.754405 -0.020447 1.209751 -0.016166 -3.395835 0.203750
0.740000 0.770486 -0.020980 1.201695 -0.014729 -3.481978 0.208919
0.740000 0.786287 -0.021465 1.193538 -0.013355 -3.560332 0.213620
0.740000 0.801805 -0.021903 1.185296 -0.012041 -3.631261 0.217876
0.740000 0.817038 -0.022297 1.176971 -0.010777 -3.694922 0.221695
0.740000 0.831981 -0.022648 1.168578 -0.009563 -3.751559 0.225094
0.740000 0.846633 -0.022958 1.160126 -0.008396 -3.801455 0.228087
0.740000 0.864880 -0.023296 1.149290 -0.006974 -3.855693 0.231342
0.740000 0.882649 -0.023573 1.138404 -0.005625 -3.899935 0.233996
0.740000 0.899938 -0.023792 1.127490 -0.004349 -3.934712 0.236083
0.740000 0.916747 -0.023956 1.116569 -0.003143 -3.960537 0.237632
0.740000 0.936671 -0.024088 1.103216 -0.001758 -3.980676 0.238841
0.740000 0.955877 -0.024147 1.089914 -0.000471 -3.989037 0.239342
0.740000 0.974369 -0.024140 1.076694 0.000723 -3.986487 0.239189
0.740000 0.992152 -0.024071 1.063584 0.001827 -3.973819 0.238429
0.740000 1.009038 -0.023947 1.050761 0.002831 -3.952118 0.237127
0.740000 1.025246 -0.023771 1.038094 0.003755 -3.922031 0.235322
0.740000 1.040783 -0.023548 1.025602 0.004601 -3.884237 0.233054
0.740000 1.055661 -0.023283 1.013305 0.005374 -3.839411 0.230365
0.740000 1.079383 -0.022745 0.992964 0.006530 -3.749156 0.224949
0.740000 1.101302 -0.022112 0.973304 0.007496 -3.643413 0.218605
0.740000 1.121481 -0.021399 0.954389 0.008280 -3.524895 0.211494
0.740000 1.139988 -0.020622 0.936242 0.008917 -3.395864 0.203752
0.740000 1.148556 -0.020217 0.927549 0.009186 -3.328707 0.199722
0.740000 1.156741 -0.019802 0.919060 0.009419 -3.259753 0.195585
0.740000 1.164551 -0.019377 0.910774 0.009623 -3.189231 0.191354
0.740000 1.171996 -0.018943 0.902697 0.009796 -3.117378 0.187043
0.740000 1.179085 -0.018502 0.894832 0.009939 -3.044423 0.182665
0.740000 1.185827 -0.018056 0.887176 0.010054 -2.970548 0.178233
0.740000 1.192232 -0.017605 0.879731 0.010145 -2.895935 0.173756
0.740000 1.198309 -0.017150 0.872496 0.010211 -2.820770 0.169246
0.740000 1.206197 -0.016517 0.862829 0.010268 -2.716138 0.162968
0.740000 1.213500 -0.015882 0.853565 0.010286 -2.611177 0.156671
0.740000 1.220243 -0.015246 0.844700 0.010266 -2.506276 0.150377
0.740000 1.226450 -0.014613 0.836231 0.010214 -2.401780 0.144107
0.740000 1.234815 -0.013671 0.824256 0.010073 -2.246476 0.134789
0.740000 1.242109 -0.012745 0.813134 0.009881 -2.093668 0.125620
0.740000 1.248410 -0.011838 0.802831 0.009655 -1.944023 0.116641
0.740000 1.253795 -0.010956 0.793350 0.009375 -1.798518 0.107911
0.740000 1.255878 -0.010579 0.789460 0.009234 -1.736454 0.104187
0.740000 1.257807 -0.010207 0.785714 0.009090 -1.675325 0.100520
0.740000 1.259587 -0.009842 0.782112 0.008940 -1.615175 0.096911
0.740000 1.261224 -0.009482 0.778648 0.008787 -1.556021 0.093361
0.740000 1.262723 -0.009129 0.775320 0.008631 -1.497877 0.089873
0.740000 1.264090 -0.008782 0.772128 0.008472 -1.440789 0.086447
0.740000 1.265330 -0.008442 0.769067 0.008310 -1.384788 0.083087
0.740000 1.266449 -0.008109 0.766136 0.008144 -1.329893 0.079794
0.740000 1.267955 -0.007605 0.761843 0.007881 -1.247061 0.074824
0.740000 1.269200 -0.007118 0.757842 0.007613 -1.166986 0.070019
0.740000 1.270203 -0.006649 0.754122 0.007342 -1.089696 0.065382
0.740000 1.270980 -0.006196 0.750672 0.007068 -1.015245 0.060915
0.740000 1.271520 -0.005787 0.747672 0.006810 -0.948023 0.056881
0.740000 1.271889 -0.005393 0.744891 0.006553 -0.883313 0.052999
0.740000 1.272100 -0.005015 0.742321 0.006294 -0.821124 0.049267
0.740000 1.272166 -0.004652 0.739950 0.006037 -0.761428 0.045686
0.740000 1.272098 -0.004303 0.737771 0.005783 -0.704200 0.042252
0.740000 1.271907 -0.003970 0.735774 0.005532 -0.649423 0.038965
0.740000 1.271603 -0.003651 0.733949 0.005286 -0.597064 0.035824
0.740000 1.271197 -0.003347 0.732291 0.005044 -0.547090 0.032825
0.740000 1.270648 -0.003031 0.730659 0.004783 -0.495203 0.029712
0.740000 1.269999 -0.002732 0.729205 0.004528 -0.446057 0.026763
0.740000 1.269262 -0.002448 0.727923 0.004273 -0.399581 0.023975
0.740000 1.268447 -0.002181 0.726797 0.004026 -0.355742 0.021345
0.740000 1.267669 -0.001957 0.725921 0.003815 -0.319050 0.019143
0.740000 1.266844 -0.001745 0.725154 0.003610 -0.284309 0.017059
0.740000 1.265979 -0.001546 0.724486 0.003414 -0.251501 0.015090
0.740000 1.265078 -0.001357 0.723915 0.003224 -0.220515 0.013231
0.740000 1.264282 -0.001203 0.723501 0.003062 -0.195346 0.011721
0.740000 1.263466 -0.001057 0.723150 0.002905 -0.171461 0.010288
0.740000 1.262635 -0.000919 0.722859 0.002751 -0.148805 0.008928
0.740000 1.261792 -0.000788 0.722624 0.002602 -0.127368 0.007642
0.740000 1.260885 -0.000657 0.722432 0.002449 -0.105917 0.006355
0.740000 1.259970 -0.000534 0.722296 0.002302 -0.085745 0.005145
0.740000 1.259050 -0.000419 0.722212 0.002159 -0.066819 0.004009
0.740000 1.258126 -0.000310 0.722176 0.002022 -0.049081 0.002945
0.740000 1.257139 -0.000202 0.722188 0.001880 -0.031391 0.001883
0.740000 1.256153 -0.000102 0.722247 0.001745 -0.014960 0.000898
0.740000 1.255172 -0.000009 0.722350 0.001615 0.000267 -0.000016
0.740000 1.254198 0.000077 0.722493 0.001491 0.014335 -0.000860
0.740000 1.253233 0.000157 0.722673 0.001372 0.027287 -0.001637
0.740000 1.252279 0.000229 0.722887 0.001258 0.039179 -0.002351
0.740000 1.251337 0.000296 0.723132 0.001149 0.050058 -0.003003
0.740000 1.250410 0.000357 0.723405 0.001045 0.059971 -0.003598
0.740000 1.249492 0.000412 0.723703 0.000945 0.069028 -0.004142
0.740000 1.248592 0.000463 0.724024 0.000851 0.077200 -0.004632
0.740000 1.247710 0.000508 0.724363 0.000763 0.084530 -0.005072
0.740000 1.246848 0.000548 0.724720 0.000679 0.091067 -0.005464
0.740000 1.246047 0.000582 0.725074 0.000602 0.096582 -0.005795
0.740000 1.245265 0.000612 0.725439 0.000530 0.101452 -0.006087
0.740000 1.244503 0.000638 0.725814 0.000462 0.105717 -0.006343
0.740000 1.243761 0.000661 0.726197 0.000397 0.109404 -0.006564
0.740000 1.242990 0.000681 0.726614 0.000333 0.112749 -0.006765
0.740000 1.242242 0.000698 0.727037 0.000272 0.115510 -0.006931
0.740000 1.241519 0.000712 0.727463 0.000215 0.117721 -0.007063
0.740000 1.240820 0.000723 0.727893 0.000162 0.119425 -0.007165
0.740000 1.239958 0.000732 0.728446 0.000099 0.120916 -0.007255
0.740000 1.239136 0.000738 0.728999 0.000043 0.121702 -0.007302
0.740000 1.238355 0.000739 0.729546 -0.000008 0.121865 -0.007312
0.740000 1.237613 0.000737 0.730090 -0.000054 0.121440 -0.007286
0.740000 1.237176 0.000734 0.730420 -0.000081 0.120904 -0.007254
0.740000 1.236755 0.000729 0.730748 -0.000105 0.120183 -0.007211
0.740000 1.236348 0.000724 0.731071 -0.000128 0.119289 -0.007157
0.740000 1.235955 0.000718 0.731391 -0.000149 0.118236 -0.007094
0.740000 1.235576 0.000711 0.731706 -0.000169 0.117041 -0.007022
0.740000 1.235212 0.000703 0.732016 -0.000186 0.115709 -0.006943
0.740000 1.234861 0.000694 0.732322 -0.000203 0.114252 -0.006855
0.740000 1.234524 0.000685 0.732622 -0.000218 0.112680 -0.006761
0.740000 1.234100 0.000671 0.733010 -0.000235 0.110449 -0.006627
0.740000 1.233699 0.000657 0.733388 -0.000251 0.108057 -0.006483
0.740000 1.233319 0.000642 0.733755 -0.000265 0.105526 -0.006332
0.740000 1.232961 0.000626 0.734113 -0.000277 0.102874 -0.006172
0.740000 1.232506 0.000603 0.734583 -0.000290 0.099097 -0.005946
0.740000 1.232088 0.000579 0.735033 -0.000300 0.095164 -0.005710
0.740000 1.231705 0.000555 0.735462 -0.000307 0.091100 -0.005466
0.740000 1.231356 0.000530 0.735870 -0.000312 0.086967 -0.005218
0.740000 1.231156 0.000514 0.736113 -0.000314 0.084382 -0.005063
0.740000 1.230967 0.000498 0.736348 -0.000314 0.081786 -0.004907
0.740000 1.230790 0.000483 0.736575 -0.000314 0.079192 -0.004751
0.740000 1.230624 0.000467 0.736794 -0.000314 0.076598 -0.004596
0.740000 1.230469 0.000451 0.737005 -0.000313 0.074006 -0.004440
0.740000 1.230324 0.000435 0.737208 -0.000311 0.071426 -0.004286
0.740000 1.230189 0.000420 0.737404 -0.000309 0.068863 -0.004132
0.740000 1.230064 0.000405 0.737591 -0.000306 0.066323 -0.003979
0.740000 1.229929 0.000387 0.737802 -0.000302 0.063384 -0.003803
0.740000 1.229806 0.000369 0.738002 -0.000298 0.060487 -0.003629
0.740000 1.229694 0.000352 0.738192 -0.000292 0.057638 -0.003458
0.740000 1.229593 0.000335 0.738372 -0.000286 0.054842 -0.003291
0.740000 1.229497 0.000317 0.738554 -0.000280 0.051918 -0.003115
0.740000 1.229412 0.000300 0.738725 -0.000273 0.049065 -0.002944
0.740000 1.229337 0.000283 0.738887 -0.000266 0.046290 -0.002777
0.740000 1.229272 0.000267 0.739038 -0.000259 0.043589 -0.002615
0.740000 1.229218 0.000251 0.739176 -0.000251 0.041042 -0.002462
0.740000 1.229172 0.000236 0.739305 -0.000244 0.038569 -0.002314
0.740000 1.229133 0.000221 0.739426 -0.000235 0.036164 -0.002170
0.740000 1.229102 0.000207 0.739538 -0.000227 0.033845 -0.002031
0.740000 1.229078 0.000194 0.739639 -0.000219 0.031690 -0.001901
0.740000 1.229059 0.000182 0.739732 -0.000211 0.029614 -0.001777
0.740000 1.229046 0.000170 0.739820 -0.000203 0.027628 -0.001658
0.740000 1.229038 0.000158 0.739900 -0.000196 0.025713 -0.001543
0.740000 1.229034 0.000145 0.739986 -0.000186 0.023580 -0.001415
0.740000 1.229036 0.000132 0.740064 -0.000177 0.021540 -0.001292
0.740000 1.229043 0.000121 0.740137 -0.000170 0.019561 -0.001174
0.740000 1.229054 0.000109 0.740201 -0.000162 0.017691 -0.001061
0.740000 1.229059 0.000106 0.740219 -0.000158 0.017133 -0.001028
0.740000 1.229064 0.000102 0.740237 -0.000155 0.016586 -0.000995
0.740000 1.229069 0.000099 0.740254 -0.000152 0.016047 -0.000963
0.740000 1.229075 0.000096 0.740270 -0.000149 0.015518 -0.000931
