0.200000 0.000000 0.000000 0.200000 0.000000 -5.542000 0.332520
0.200000 -0.000000 0.000000 0.199950 0.000050 -5.540973 0.332458
0.200000 -0.000000 0.000000 0.199900 0.000100 -5.539946 0.332397
0.200000 -0.000000 0.000000 0.199849 0.000149 -5.538919 0.332335
0.200000 -0.000000 0.000000 0.199799 0.000199 -5.537892 0.332274
0.200000 -0.000000 0.000000 0.199548 0.000448 -5.532759 0.331966
0.200000 -0.000000 0.000000 0.199298 0.000696 -5.527628 0.331658
0.200000 -0.000000 0.000000 0.199047 0.000945 -5.522498 0.331350
0.200000 -0.000000 0.000000 0.198797 0.001193 -5.517369 0.331042
0.200000 -0.000000 0.000000 0.197550 0.002429 -5.491751 0.329505
0.200000 -0.000001 0.000001 0.196308 0.003660 -5.466172 0.327970
0.200000 -0.000002 0.000002 0.195072 0.004885 -5.440632 0.326438
0.200000 -0.000003 0.000003 0.193842 0.006105 -5.415131 0.324908
0.200000 -0.000011 0.000011 0.187777 0.012118 -5.288215 0.317293
0.200000 -0.000024 0.000024 0.181853 0.017990 -5.162280 0.309737
0.200000 -0.000043 0.000043 0.176068 0.023725 -5.037326 0.302240
0.200000 -0.000067 0.000067 0.170421 0.029324 -4.913355 0.294801
0.200000 -0.000259 0.000256 0.144175 0.055349 -4.308242 0.258495
0.200000 -0.000560 0.000555 0.121069 0.078272 -3.727662 0.223660
0.200000 -0.000958 0.000950 0.100874 0.098322 -3.171503 0.190290
0.200000 -0.001439 0.001427 0.083374 0.115720 -2.639579 0.158375
0.200000 -0.002323 0.002305 0.061124 0.137894 -1.863524 0.111811
0.200000 -0.003342 0.003317 0.044132 0.154916 -1.143553 0.068613
0.200000 -0.004463 0.004431 0.031753 0.167432 -0.478013 0.028681
0.200000 -0.005654 0.005618 0.023397 0.176033 0.134917 -0.008095
0.200000 -0.007320 0.007280 0.017567 0.182359 0.878653 -0.052719
0.200000 -0.009015 0.008978 0.016881 0.183728 1.536900 -0.092214
0.200000 -0.010698 0.010671 0.020340 0.181132 2.115588 -0.126935
0.200000 -0.012333 0.012324 0.027068 0.175437 2.620466 -0.157228
0.200000 -0.014219 0.014246 0.038583 0.165396 3.143747 -0.188625
0.200000 -0.015960 0.016041 0.052734 0.152934 3.577049 -0.214623
0.200000 -0.017533 0.017688 0.068624 0.138924 3.930605 -0.235836
0.200000 -0.018920 0.019172 0.085503 0.124096 4.213520 -0.252811
0.200000 -0.020241 0.020630 0.104833 0.107239 4.456760 -0.267406
0.200000 -0.021319 0.021876 0.124086 0.090612 4.633728 -0.278024
0.200000 -0.022158 0.022918 0.142837 0.074616 4.754646 -0.285279
0.200000 -0.022767 0.023765 0.160741 0.059566 4.828276 -0.289697
0.200000 -0.023154 0.024427 0.177580 0.045664 4.862396 -0.291744
0.200000 -0.023337 0.024922 0.193246 0.032992 4.864077 -0.291845
0.200000 -0.023330 0.025266 0.207689 0.021579 4.839423 -0.290365
0.200000 -0.023149 0.025473 0.220880 0.011440 4.793659 -0.287620
0.200000 -0.022848 0.025557 0.231737 0.003347 4.737830 -0.284270
0.200000 -0.022428 0.025553 0.241628 -0.003782 4.671257 -0.280275
0.200000 -0.021900 0.025474 0.250603 -0.010010 4.596363 -0.275782
0.200000 -0.021275 0.025328 0.258716 -0.015394 4.515234 -0.270914
0.200000 -0.020594 0.025135 0.265728 -0.019817 4.433339 -0.266000
0.200000 -0.019840 0.024897 0.272062 -0.023591 4.348588 -0.260915
0.200000 -0.019021 0.024621 0.277780 -0.026778 4.262024 -0.255721
0.200000 -0.018142 0.024313 0.282933 -0.029437 4.174536 -0.250472
0.200000 -0.016883 0.023861 0.289035 -0.032259 4.057356 -0.243441
0.200000 -0.015541 0.023373 0.294351 -0.034366 3.941021 -0.236461
0.200000 -0.014127 0.022859 0.299000 -0.035879 3.826398 -0.229584
0.200000 -0.012649 0.022327 0.303078 -0.036896 3.714185 -0.222851
0.200000 -0.010727 0.021646 0.307497 -0.037603 3.578270 -0.214696
0.200000 -0.008730 0.020957 0.311321 -0.037835 3.447028 -0.206822
0.200000 -0.006667 0.020267 0.314677 -0.037718 3.320426 -0.199226
0.200000 -0.004546 0.019582 0.317663 -0.037348 3.198508 -0.191910
0.200000 -0.001144 0.018535 0.321766 -0.036458 3.017968 -0.181078
0.200000 0.002369 0.017515 0.325382 -0.035353 2.846718 -0.170803
0.200000 0.005982 0.016525 0.328645 -0.034156 2.682867 -0.160972
0.200000 0.009685 0.015569 0.331649 -0.032955 2.526264 -0.151576
0.200000 0.012872 0.014790 0.334030 -0.031982 2.399620 -0.143977
0.200000 0.016114 0.014035 0.336283 -0.031050 2.276901 -0.136614
0.200000 0.019410 0.013300 0.338412 -0.030159 2.157722 -0.129463
0.200000 0.022756 0.012587 0.340425 -0.029311 2.041841 -0.122510
0.200000 0.026525 0.011818 0.342531 -0.028423 1.916801 -0.115008
0.200000 0.030348 0.011072 0.344491 -0.027576 1.795351 -0.107721
0.200000 0.034221 0.010348 0.346303 -0.026760 1.677355 -0.100641
0.200000 0.038141 0.009646 0.347968 -0.025973 1.562690 -0.093761
0.200000 0.043174 0.008785 0.349874 -0.025013 1.421858 -0.085311
0.200000 0.048268 0.007955 0.351547 -0.024082 1.286145 -0.077169
0.200000 0.053414 0.007157 0.352988 -0.023174 1.155486 -0.069329
0.200000 0.058605 0.006389 0.354208 -0.022288 1.029739 -0.061784
0.200000 0.067492 0.005153 0.355784 -0.020826 0.827271 -0.049636
0.200000 0.076452 0.003999 0.356785 -0.019421 0.638320 -0.038299
0.200000 0.085453 0.002925 0.357263 -0.018081 0.462554 -0.027753
0.200000 0.094467 0.001927 0.357245 -0.016794 0.299166 -0.017950
0.200000 0.102751 0.001072 0.356814 -0.015647 0.159281 -0.009557
0.200000 0.111002 0.000276 0.356026 -0.014542 0.029150 -0.001749
0.200000 0.119203 -0.000463 0.354908 -0.013481 -0.091752 0.005505
0.200000 0.127338 -0.001147 0.353485 -0.012461 -0.203612 0.012217
0.200000 0.135766 -0.001807 0.351703 -0.011443 -0.311423 0.018685
0.200000 0.144089 -0.002412 0.349645 -0.010471 -0.410203 0.024612
0.200000 0.152291 -0.002964 0.347333 -0.009541 -0.500268 0.030016
0.200000 0.160359 -0.003467 0.344800 -0.008658 -0.582172 0.034930
0.200000 0.167345 -0.003870 0.342405 -0.007919 -0.647934 0.038876
0.200000 0.174211 -0.004238 0.339870 -0.007212 -0.707918 0.042475
0.200000 0.180951 -0.004572 0.337212 -0.006540 -0.762408 0.045744
0.200000 0.187558 -0.004874 0.334441 -0.005898 -0.811627 0.048698
0.200000 0.194029 -0.005146 0.331569 -0.005283 -0.855801 0.051348
0.200000 0.200357 -0.005389 0.328613 -0.004699 -0.895198 0.053712
0.200000 0.206540 -0.005604 0.325582 -0.004144 -0.930061 0.055804
0.200000 0.212574 -0.005792 0.322490 -0.003617 -0.960618 0.057637
0.200000 0.219176 -0.005975 0.318954 -0.003059 -0.990115 0.059407
0.200000 0.225584 -0.006128 0.315368 -0.002535 -1.014764 0.060886
0.200000 0.231794 -0.006253 0.311745 -0.002044 -1.034855 0.062091
0.200000 0.237806 -0.006352 0.308098 -0.001585 -1.050691 0.063041
0.200000 0.244158 -0.006432 0.304089 -0.001116 -1.063471 0.063808
0.200000 0.250270 -0.006486 0.300078 -0.000682 -1.071831 0.064310
0.200000 0.256143 -0.006515 0.296078 -0.000281 -1.076125 0.064567
0.200000 0.261776 -0.006520 0.292101 0.000088 -1.076644 0.064599
0.200000 0.267076 -0.006505 0.288230 0.000421 -1.073781 0.064427
0.200000 0.272149 -0.006471 0.284400 0.000725 -1.067857 0.064071
0.200000 0.276999 -0.006420 0.280619 0.001003 -1.059117 0.063547
0.200000 0.281628 -0.006354 0.276897 0.001255 -1.047843 0.062871
0.200000 0.285449 -0.006285 0.273736 0.001453 -1.036270 0.062176
0.200000 0.289111 -0.006207 0.270626 0.001634 -1.023130 0.061388
0.200000 0.292617 -0.006120 0.267573 0.001798 -1.008569 0.060514
0.200000 0.295969 -0.006025 0.264577 0.001946 -0.992710 0.059563
0.200000 0.299170 -0.005922 0.261642 0.002080 -0.975675 0.058541
0.200000 0.302225 -0.005814 0.258771 0.002200 -0.957592 0.057456
0.200000 0.305135 -0.005699 0.255966 0.002307 -0.938575 0.056314
0.200000 0.307905 -0.005580 0.253228 0.002401 -0.918733 0.055124
0.200000 0.311079 -0.005429 0.250003 0.002499 -0.893732 0.053624
0.200000 0.314057 -0.005273 0.246882 0.002580 -0.867842 0.052071
0.200000 0.316847 -0.005112 0.243868 0.002645 -0.841224 0.050473
0.200000 0.319455 -0.004948 0.240960 0.002696 -0.814033 0.048842
0.200000 0.322134 -0.004763 0.237869 0.002736 -0.783456 0.047007
0.200000 0.324608 -0.004576 0.234911 0.002762 -0.752527 0.045152
0.200000 0.326885 -0.004388 0.232082 0.002776 -0.721422 0.043285
0.200000 0.328974 -0.004199 0.229385 0.002777 -0.690248 0.041415
0.200000 0.330785 -0.004021 0.226954 0.002767 -0.660852 0.039651
0.200000 0.332443 -0.003844 0.224639 0.002748 -0.631609 0.037897
0.200000 0.333956 -0.003668 0.222438 0.002719 -0.602562 0.036154
0.200000 0.335331 -0.003494 0.220349 0.002682 -0.573885 0.034433
0.200000 0.336465 -0.003338 0.218545 0.002645 -0.548228 0.032894
0.200000 0.337498 -0.003185 0.216830 0.002602 -0.522977 0.031379
0.200000 0.338432 -0.003034 0.215202 0.002553 -0.498238 0.029894
0.200000 0.339274 -0.002887 0.213658 0.002502 -0.473957 0.028437
0.200000 0.339831 -0.002782 0.212586 0.002464 -0.456585 0.027395
0.200000 0.340343 -0.002678 0.211557 0.002423 -0.439499 0.026370
0.200000 0.340812 -0.002576 0.210571 0.002381 -0.422703 0.025362
0.200000 0.341240 -0.002476 0.209625 0.002338 -0.406216 0.024373
0.200000 0.341629 -0.002378 0.208720 0.002292 -0.390053 0.023403
0.200000 0.341981 -0.002281 0.207854 0.002246 -0.374213 0.022453
0.200000 0.342296 -0.002187 0.207027 0.002199 -0.358700 0.021522
0.200000 0.342578 -0.002095 0.206237 0.002151 -0.343521 0.020611
0.200000 0.342911 -0.001971 0.205208 0.002084 -0.323192 0.019392
0.200000 0.343187 -0.001852 0.204247 0.002016 -0.303514 0.018211
0.200000 0.343408 -0.001736 0.203349 0.001947 -0.284497 0.017070
0.200000 0.343579 -0.001624 0.202513 0.001879 -0.266140 0.015968
0.200000 0.343749 -0.001462 0.201357 0.001773 -0.239548 0.014373
0.200000 0.343823 -0.001310 0.200327 0.001669 -0.214467 0.012868
0.200000 0.343811 -0.001166 0.199416 0.001567 -0.190844 0.011451
0.200000 0.343723 -0.001032 0.198619 0.001465 -0.168745 0.010125
0.200000 0.343663 -0.000976 0.198304 0.001420 -0.159526 0.009572
0.200000 0.343591 -0.000921 0.198007 0.001376 -0.150588 0.009035
0.200000 0.343508 -0.000868 0.197729 0.001332 -0.141930 0.008516
0.200000 0.343414 -0.000817 0.197468 0.001290 -0.133544 0.008013
0.200000 0.343311 -0.000768 0.197225 0.001248 -0.125424 0.007525
0.200000 0.343198 -0.000720 0.196999 0.001206 -0.117571 0.007054
0.200000 0.343077 -0.000674 0.196790 0.001166 -0.109982 0.006599
0.200000 0.342948 -0.000629 0.196596 0.001125 -0.102654 0.006159
0.200000 0.342747 -0.000567 0.196340 0.001068 -0.092445 0.005547
0.200000 0.342533 -0.000508 0.196116 0.001012 -0.082765 0.004966
0.200000 0.342307 -0.000452 0.195919 0.000957 -0.073601 0.004416
0.200000 0.342071 -0.000399 0.195750 0.000904 -0.064941 0.003896
0.200000 0.341777 -0.000340 0.195580 0.000843 -0.055239 0.003314
0.200000 0.341473 -0.000285 0.195445 0.000784 -0.046209 0.002773
0.200000 0.341160 -0.000234 0.195340 0.000727 -0.037827 0.002270
0.200000 0.340842 -0.000186 0.195264 0.000672 -0.030067 0.001804
0.200000 0.340519 -0.000143 0.195215 0.000619 -0.022899 0.001374
0.200000 0.340194 -0.000102 0.195189 0.000569 -0.016301 0.000978
0.200000 0.339867 -0.000065 0.195183 0.000523 -0.010243 0.000615
0.200000 0.339541 -0.000032 0.195198 0.000478 -0.004700 0.000282
0.200000 0.339269 -0.000005 0.195225 0.000442 -0.000432 0.000026
0.200000 0.338999 0.000019 0.195263 0.000407 0.003505 -0.000210
0.200000 0.338730 0.000041 0.195314 0.000373 0.007130 -0.000428
0.200000 0.338465 0.000061 0.195373 0.000340 0.010447 -0.000627
0.200000 0.338250 0.000077 0.195428 0.000316 0.012955 -0.000777
0.200000 0.338038 0.000091 0.195488 0.000292 0.015277 -0.000917
0.200000 0.337828 0.000104 0.195553 0.000269 0.017417 -0.001045
0.200000 0.337622 0.000116 0.195623 0.000247 0.019386 -0.001163
0.200000 0.337405 0.000128 0.195701 0.000225 0.021308 -0.001278
0.200000 0.337193 0.000138 0.195785 0.000204 0.023050 -0.001383
0.200000 0.336984 0.000148 0.195871 0.000183 0.024623 -0.001477
0.200000 0.336780 0.000157 0.195961 0.000164 0.026032 -0.001562
0.200000 0.336458 0.000169 0.196113 0.000135 0.028005 -0.001680
0.200000 0.336148 0.000179 0.196271 0.000108 0.029596 -0.001776
0.200000 0.335851 0.000186 0.196434 0.000082 0.030825 -0.001849
0.200000 0.335567 0.000192 0.196600 0.000059 0.031741 -0.001904
0.200000 0.335421 0.000194 0.196688 0.000048 0.032122 -0.001927
0.200000 0.335278 0.000196 0.196778 0.000038 0.032425 -0.001945
0.200000 0.335140 0.000198 0.196867 0.000028 0.032656 -0.001959
0.200000 0.335005 0.000199 0.196956 0.000019 0.032817 -0.001969
0.200000 0.334874 0.000199 0.197045 0.000010 0.032909 -0.001975
0.200000 0.334747 0.000200 0.197134 0.000002 0.032940 -0.001976
0.200000 0.334624 0.000200 0.197223 -0.000006 0.032913 -0.001975
0.200000 0.334505 0.000199 0.197311 -0.000014 0.032831 -0.001970
0.200000 0.334342 0.000198 0.197434 -0.000024 0.032628 -0.001958
0.200000 0.334187 0.000196 0.197555 -0.000032 0.032331 -0.001940
0.200000 0.334040 0.000194 0.197675 -0.000040 0.031948 -0.001917
0.200000 0.333899 0.000191 0.197792 -0.000047 0.031489 -0.001889
0.200000 0.333735 0.000187 0.197935 -0.000056 0.030820 -0.001849
0.200000 0.333581 0.000183 0.198074 -0.000062 0.030063 -0.001804
0.200000 0.333438 0.000178 0.198207 -0.000067 0.029240 -0.001754
0.200000 0.333304 0.000172 0.198337 -0.000072 0.028349 -0.001701
0.200000 0.333224 0.000169 0.198418 -0.000075 0.027738 -0.001664
0.200000 0.333147 0.000165 0.198497 -0.000077 0.027106 -0.001626
0.200000 0.333074 0.000161 0.198574 -0.000079 0.026455 -0.001587
0.200000 0.333004 0.000157 0.198650 -0.000081 0.025790 -0.001547
0.200000 0.332939 0.000153 0.198722 -0.000082 0.025116 -0.001507
0.200000 0.332877 0.000149 0.198793 -0.000083 0.024434 -0.001466
0.200000 0.332818 0.000145 0.198861 -0.000084 0.023744 -0.001425
0.200000 0.332763 0.000140 0.198927 -0.000084 0.023050 -0.001383
0.200000 0.332702 0.000135 0.199003 -0.000085 0.022221 -0.001333
0.200000 0.332645 0.000130 0.199075 -0.000085 0.021390 -0.001283
0.200000 0.332593 0.000125 0.199145 -0.000085 0.020562 -0.001234
0.200000 0.332544 0.000120 0.199212 -0.000085 0.019736 -0.001184
0.200000 0.332493 0.000115 0.199285 -0.000084 0.018798 -0.001128
0.200000 0.332447 0.000109 0.199354 -0.000083 0.017869 -0.001072
0.200000 0.332405 0.000103 0.199419 -0.000081 0.016943 -0.001017
0.200000 0.332368 0.000098 0.199480 -0.000080 0.016037 -0.000962
0.200000 0.332334 0.000092 0.199539 -0.000078 0.015130 -0.000908
0.200000 0.332304 0.000087 0.199594 -0.000076 0.014253 -0.000855
0.200000 0.332278 0.000082 0.199645 -0.000074 0.013431 -0.000806
0.200000 0.332255 0.000077 0.199694 -0.000072 0.012622 -0.000757
0.200000 0.332241 0.000074 0.199727 -0.000071 0.012032 -0.000722
0.200000 0.332228 0.000070 0.199759 -0.000069 0.011456 -0.000687
0.200000 0.332217 0.000067 0.199789 -0.000068 0.010884 -0.000653
0.200000 0.332207 0.000063 0.199817 -0.000066 0.010329 -0.000620
0.200000 0.332199 0.000060 0.199844 -0.000064 0.009800 -0.000588
0.200000 0.332191 0.000057 0.199869 -0.000062 0.009287 -0.000557
0.200000 0.332186 0.000054 0.199892 -0.000060 0.008790 -0.000527
0.200000 0.332181 0.000051 0.199914 -0.000058 0.008309 -0.000499
0.200000 0.332177 0.000048 0.199936 -0.000056 0.007820 -0.000469
0.200000 0.332174 0.000045 0.199956 -0.000054 0.007348 -0.000441
0.200000 0.332172 0.000042 0.199975 -0.000053 0.006892 -0.000413
0.200000 0.332171 0.000040 0.199993 -0.000051 0.006451 -0.000387
0.200000 0.332172 0.000037 0.200011 -0.000049 0.005984 -0.000359
0.200000 0.332173 0.000034 0.200028 -0.000047 0.005537 -0.000332
0.200000 0.332175 0.000031 0.200043 -0.000045 0.005106 -0.000306
0.200000 0.332178 0.000029 0.200057 -0.000043 0.004695 -0.000282
0.200000 0.332179 0.000028 0.200061 -0.000042 0.004579 -0.000275
0.200000 0.332180 0.000028 0.200064 -0.000041 0.004465 -0.000268
0.200000 0.332181 0.000027 0.200068 -0.000041 0.004352 -0.000261
0.200000 0.332182 0.000026 0.200072 -0.000040 0.004241 -0.000254
