0.280000 0.000000 0.000000 0.280000 0.000000 -7.758800 0.465528
0.280000 -0.000000 0.000000 0.279950 0.000050 -7.757773 0.465466
0.280000 -0.000000 0.000000 0.279900 0.000100 -7.756746 0.465405
0.280000 -0.000000 0.000000 0.279849 0.000149 -7.755719 0.465343
0.280000 -0.000000 0.000000 0.279799 0.000199 -7.754692 0.465282
0.280000 -0.000000 0.000000 0.279548 0.000448 -7.749559 0.464974
0.280000 -0.000000 0.000000 0.279297 0.000697 -7.744426 0.464666
0.280000 -0.000000 0.000000 0.279047 0.000945 -7.739295 0.464358
0.280000 -0.000000 0.000000 0.278796 0.001193 -7.734164 0.464050
0.280000 -0.000000 0.000000 0.277546 0.002432 -7.708530 0.462512
0.280000 -0.000001 0.000001 0.276301 0.003667 -7.682923 0.460975
0.280000 -0.000001 0.000001 0.275059 0.004898 -7.657344 0.459441
0.280000 -0.000002 0.000002 0.273821 0.006125 -7.631793 0.457908
0.280000 -0.000008 0.000008 0.267696 0.012198 -7.504459 0.450268
0.280000 -0.000018 0.000017 0.261671 0.018170 -7.377826 0.442670
0.280000 -0.000031 0.000031 0.255748 0.024042 -7.251893 0.435114
0.280000 -0.000048 0.000048 0.249924 0.029816 -7.126661 0.427600
0.280000 -0.000189 0.000187 0.222265 0.057239 -6.511028 0.390662
0.280000 -0.000413 0.000410 0.196947 0.082347 -5.912940 0.354776
0.280000 -0.000715 0.000709 0.173847 0.105263 -5.332375 0.319943
0.280000 -0.001087 0.001078 0.152850 0.126105 -4.769282 0.286157
0.280000 -0.001972 0.001956 0.118074 0.160664 -3.738577 0.224315
0.280000 -0.003049 0.003025 0.089865 0.188767 -2.770858 0.166251
0.280000 -0.004280 0.004247 0.067534 0.211107 -1.864906 0.111894
0.280000 -0.005631 0.005590 0.050442 0.228326 -1.019282 0.061157
0.280000 -0.007678 0.007628 0.034127 0.245018 0.072366 -0.004342
0.280000 -0.009831 0.009776 0.025557 0.254198 1.053509 -0.063211
0.280000 -0.012031 0.011977 0.023419 0.257173 1.930438 -0.115826
0.280000 -0.014225 0.014181 0.026542 0.255106 2.709504 -0.162570
0.280000 -0.016881 0.016863 0.036208 0.247043 3.550784 -0.213047
0.280000 -0.019407 0.019434 0.050778 0.234377 4.264661 -0.255880
0.280000 -0.021761 0.021854 0.068886 0.218446 4.864100 -0.291846
0.280000 -0.023907 0.024091 0.089378 0.200382 5.360799 -0.321648
0.280000 -0.026123 0.026448 0.115099 0.177781 5.825864 -0.349552
0.280000 -0.028013 0.028519 0.141707 0.154554 6.182971 -0.370978
0.280000 -0.029573 0.030305 0.168369 0.131493 6.447608 -0.386856
0.280000 -0.030805 0.031807 0.194413 0.109233 6.632990 -0.397979
0.280000 -0.031733 0.033063 0.219965 0.087714 6.753097 -0.405186
0.280000 -0.032343 0.034054 0.244089 0.067742 6.814308 -0.408858
0.280000 -0.032658 0.034803 0.266605 0.049464 6.826907 -0.409614
0.280000 -0.032696 0.035329 0.287381 0.032985 6.799711 -0.407983
0.280000 -0.032494 0.035644 0.305474 0.019011 6.743910 -0.404635
0.280000 -0.032082 0.035798 0.321988 0.006628 6.664864 -0.399892
0.280000 -0.031479 0.035811 0.336982 -0.004240 6.567531 -0.394052
0.280000 -0.030702 0.035701 0.350519 -0.013670 6.456179 -0.387371
0.280000 -0.029829 0.035500 0.361987 -0.021304 6.341951 -0.380517
0.280000 -0.028831 0.035218 0.372331 -0.027852 6.221017 -0.373261
0.280000 -0.027721 0.034867 0.381643 -0.033409 6.095463 -0.365728
0.280000 -0.026510 0.034457 0.390007 -0.038067 5.967069 -0.358024
0.280000 -0.024941 0.033903 0.398895 -0.042587 5.811563 -0.348694
0.280000 -0.023257 0.033295 0.406698 -0.046103 5.655919 -0.339355
0.280000 -0.021473 0.032644 0.413557 -0.048765 5.501541 -0.330092
0.280000 -0.019601 0.031962 0.419595 -0.050696 5.349560 -0.320974
0.280000 -0.017143 0.031076 0.426180 -0.052261 5.163512 -0.309811
0.280000 -0.014580 0.030170 0.431861 -0.053071 4.983189 -0.298991
0.280000 -0.011926 0.029254 0.436818 -0.053307 4.808867 -0.288532
0.280000 -0.009192 0.028339 0.441190 -0.053107 4.640800 -0.278448
0.280000 -0.005146 0.027039 0.446675 -0.052290 4.410734 -0.264644
0.280000 -0.000974 0.025765 0.451475 -0.051084 4.192020 -0.251521
0.280000 0.003312 0.024520 0.455780 -0.049671 3.982944 -0.238977
0.280000 0.007700 0.023311 0.459725 -0.048177 3.783018 -0.226981
0.280000 0.012168 0.022145 0.463393 -0.046694 3.592195 -0.215532
0.280000 0.016723 0.021014 0.466841 -0.045251 3.408258 -0.204495
0.280000 0.021361 0.019917 0.470089 -0.043860 3.230308 -0.193819
0.280000 0.026078 0.018854 0.473163 -0.042540 3.057864 -0.183472
0.280000 0.030922 0.017811 0.476115 -0.041290 2.888672 -0.173320
0.280000 0.035837 0.016798 0.478895 -0.040104 2.724207 -0.163452
0.280000 0.040819 0.015815 0.481496 -0.038968 2.564202 -0.153852
0.280000 0.045864 0.014858 0.483923 -0.037880 2.408453 -0.144507
0.280000 0.052152 0.013718 0.486676 -0.036603 2.222348 -0.133341
0.280000 0.058521 0.012616 0.489158 -0.035372 2.042289 -0.122537
0.280000 0.064962 0.011551 0.491367 -0.034175 1.868179 -0.112091
0.280000 0.071466 0.010522 0.493313 -0.033010 1.699852 -0.101991
0.280000 0.080839 0.009115 0.495646 -0.031397 1.469425 -0.088166
0.280000 0.090303 0.007777 0.497473 -0.029832 1.250352 -0.075021
0.280000 0.099836 0.006507 0.498820 -0.028313 1.042458 -0.062547
0.280000 0.109417 0.005303 0.499712 -0.026837 0.845293 -0.050718
0.280000 0.121147 0.003919 0.500214 -0.025088 0.618721 -0.037123
0.280000 0.132889 0.002626 0.500123 -0.023404 0.407181 -0.024431
0.280000 0.144610 0.001422 0.499488 -0.021790 0.210056 -0.012603
0.280000 0.156284 0.000302 0.498342 -0.020237 0.026846 -0.001611
0.280000 0.170150 -0.000931 0.496360 -0.018462 -0.174791 0.010487
0.280000 0.183870 -0.002054 0.493771 -0.016772 -0.358244 0.021495
0.280000 0.197408 -0.003072 0.490623 -0.015153 -0.524403 0.031464
0.280000 0.210730 -0.003990 0.486998 -0.013625 -0.674190 0.040451
0.280000 0.220445 -0.004609 0.484042 -0.012557 -0.775187 0.046511
0.280000 0.230014 -0.005178 0.480871 -0.011532 -0.868063 0.052084
0.280000 0.239429 -0.005700 0.477510 -0.010555 -0.953140 0.057188
0.280000 0.248680 -0.006176 0.473972 -0.009619 -1.030777 0.061847
0.280000 0.257761 -0.006609 0.470274 -0.008721 -1.101295 0.066078
0.280000 0.266663 -0.007001 0.466438 -0.007864 -1.165007 0.069900
0.280000 0.275382 -0.007353 0.462479 -0.007046 -1.222247 0.073335
0.280000 0.283910 -0.007668 0.458415 -0.006268 -1.273305 0.076398
0.280000 0.294651 -0.008021 0.453027 -0.005319 -1.330666 0.079840
0.280000 0.305058 -0.008319 0.447518 -0.004432 -1.378828 0.082730
0.280000 0.315126 -0.008564 0.441916 -0.003604 -1.418376 0.085103
0.280000 0.324850 -0.008761 0.436247 -0.002834 -1.449938 0.086996
0.280000 0.332695 -0.008890 0.431484 -0.002234 -1.470579 0.088235
0.280000 0.340297 -0.008989 0.426705 -0.001671 -1.486363 0.089182
0.280000 0.347656 -0.009061 0.421923 -0.001144 -1.497608 0.089856
0.280000 0.354771 -0.009106 0.417147 -0.000651 -1.504590 0.090275
0.280000 0.361642 -0.009128 0.412388 -0.000191 -1.507584 0.090455
0.280000 0.368272 -0.009126 0.407657 0.000237 -1.506875 0.090412
0.280000 0.374661 -0.009104 0.402962 0.000636 -1.502721 0.090163
0.280000 0.380812 -0.009062 0.398312 0.001004 -1.495378 0.089723
0.280000 0.386501 -0.009005 0.393894 0.001331 -1.485542 0.089133
0.280000 0.391975 -0.008932 0.389530 0.001634 -1.473189 0.088391
0.280000 0.397236 -0.008845 0.385226 0.001912 -1.458515 0.087511
0.280000 0.402288 -0.008745 0.380988 0.002167 -1.441708 0.086502
0.280000 0.408563 -0.008597 0.375571 0.002467 -1.416900 0.085014
0.280000 0.414496 -0.008431 0.370282 0.002732 -1.389154 0.083349
0.280000 0.420096 -0.008249 0.365128 0.002964 -1.358832 0.081530
0.280000 0.425371 -0.008053 0.360118 0.003166 -1.326259 0.079576
0.280000 0.431843 -0.007777 0.353741 0.003388 -1.280464 0.076828
0.280000 0.437791 -0.007484 0.347632 0.003564 -1.231934 0.073916
0.280000 0.443235 -0.007178 0.341798 0.003697 -1.181217 0.070873
0.280000 0.448200 -0.006863 0.336246 0.003791 -1.128997 0.067740
0.280000 0.451396 -0.006638 0.332534 0.003838 -1.091889 0.065513
0.280000 0.454378 -0.006412 0.328961 0.003868 -1.054441 0.063266
0.280000 0.457154 -0.006184 0.325528 0.003883 -1.016876 0.061013
0.280000 0.459733 -0.005956 0.322230 0.003886 -0.979204 0.058752
0.280000 0.462121 -0.005727 0.319070 0.003876 -0.941526 0.056492
0.280000 0.464327 -0.005500 0.316043 0.003856 -0.903986 0.054239
0.280000 0.466360 -0.005274 0.313142 0.003832 -0.866617 0.051997
0.280000 0.468226 -0.005050 0.310377 0.003796 -0.829610 0.049777
0.280000 0.469639 -0.004868 0.308210 0.003755 -0.799637 0.047978
0.280000 0.470948 -0.004688 0.306128 0.003710 -0.770005 0.046200
0.280000 0.472159 -0.004511 0.304133 0.003658 -0.740760 0.044446
0.280000 0.473276 -0.004336 0.302219 0.003602 -0.711925 0.042715
0.280000 0.474202 -0.004181 0.300567 0.003552 -0.686387 0.041183
0.280000 0.475058 -0.004028 0.298979 0.003499 -0.661223 0.039673
0.280000 0.475847 -0.003878 0.297455 0.003443 -0.636458 0.038187
0.280000 0.476571 -0.003730 0.295992 0.003385 -0.612107 0.036726
0.280000 0.477348 -0.003558 0.294340 0.003312 -0.583837 0.035030
0.280000 0.478043 -0.003390 0.292771 0.003237 -0.556195 0.033372
0.280000 0.478659 -0.003226 0.291283 0.003160 -0.529199 0.031752
0.280000 0.479201 -0.003066 0.289874 0.003080 -0.502871 0.030172
0.280000 0.479900 -0.002828 0.287852 0.002956 -0.463664 0.027820
0.280000 0.480446 -0.002600 0.286003 0.002828 -0.426125 0.025567
0.280000 0.480852 -0.002382 0.284321 0.002696 -0.390306 0.023418
0.280000 0.481132 -0.002174 0.282794 0.002565 -0.356176 0.021371
0.280000 0.481241 -0.002058 0.281971 0.002490 -0.337049 0.020223
0.280000 0.481314 -0.001945 0.281197 0.002414 -0.318499 0.019110
0.280000 0.481352 -0.001836 0.280469 0.002339 -0.300521 0.018031
0.280000 0.481358 -0.001730 0.279788 0.002264 -0.283119 0.016987
0.280000 0.481333 -0.001627 0.279150 0.002189 -0.266295 0.015978
0.280000 0.481280 -0.001528 0.278555 0.002114 -0.250038 0.015002
0.280000 0.481201 -0.001433 0.278001 0.002040 -0.234342 0.014060
0.280000 0.481097 -0.001341 0.277485 0.001967 -0.219200 0.013152
0.280000 0.480926 -0.001225 0.276866 0.001873 -0.200194 0.012012
0.280000 0.480720 -0.001115 0.276308 0.001781 -0.182112 0.010927
0.280000 0.480482 -0.001010 0.275808 0.001691 -0.164940 0.009896
0.280000 0.480216 -0.000911 0.275363 0.001603 -0.148652 0.008919
0.280000 0.479842 -0.000793 0.274872 0.001494 -0.129237 0.007754
0.280000 0.479434 -0.000682 0.274457 0.001389 -0.111160 0.006670
0.280000 0.478996 -0.000580 0.274114 0.001288 -0.094350 0.005661
0.280000 0.478535 -0.000485 0.273837 0.001189 -0.078808 0.004728
0.280000 0.478194 -0.000422 0.273677 0.001122 -0.068458 0.004107
0.280000 0.477845 -0.000363 0.273545 0.001057 -0.058706 0.003522
0.280000 0.477489 -0.000307 0.273440 0.000993 -0.049551 0.002973
0.280000 0.477128 -0.000254 0.273361 0.000932 -0.040948 0.002457
0.280000 0.476764 -0.000205 0.273304 0.000873 -0.032867 0.001972
0.280000 0.476397 -0.000158 0.273270 0.000816 -0.025303 0.001518
0.280000 0.476029 -0.000115 0.273255 0.000763 -0.018229 0.001094
0.280000 0.475660 -0.000075 0.273260 0.000711 -0.011638 0.000698
0.280000 0.475336 -0.000042 0.273279 0.000666 -0.006225 0.000374
0.280000 0.475014 -0.000011 0.273311 0.000623 -0.001160 0.000070
0.280000 0.474693 0.000018 0.273355 0.000581 0.003569 -0.000214
0.280000 0.474374 0.000045 0.273410 0.000540 0.007977 -0.000479
0.280000 0.474063 0.000070 0.273473 0.000503 0.012013 -0.000721
0.280000 0.473756 0.000093 0.273545 0.000466 0.015762 -0.000946
0.280000 0.473452 0.000114 0.273625 0.000432 0.019234 -0.001154
0.280000 0.473152 0.000133 0.273713 0.000398 0.022440 -0.001346
0.280000 0.472796 0.000155 0.273828 0.000360 0.025971 -0.001558
0.280000 0.472447 0.000175 0.273952 0.000323 0.029149 -0.001749
0.280000 0.472105 0.000192 0.274084 0.000288 0.031996 -0.001920
0.280000 0.471770 0.000208 0.274223 0.000256 0.034527 -0.002072
0.280000 0.471325 0.000226 0.274422 0.000214 0.037524 -0.002251
0.280000 0.470895 0.000241 0.274631 0.000175 0.039997 -0.002400
0.280000 0.470483 0.000254 0.274847 0.000139 0.041974 -0.002518
0.280000 0.470087 0.000263 0.275067 0.000107 0.043519 -0.002611
0.280000 0.469870 0.000268 0.275193 0.000090 0.044226 -0.002654
0.280000 0.469659 0.000271 0.275320 0.000073 0.044810 -0.002689
0.280000 0.469453 0.000274 0.275448 0.000058 0.045280 -0.002717
0.280000 0.469253 0.000276 0.275576 0.000044 0.045640 -0.002738
0.280000 0.469059 0.000278 0.275704 0.000030 0.045894 -0.002754
0.280000 0.468870 0.000279 0.275832 0.000017 0.046050 -0.002763
0.280000 0.468687 0.000280 0.275959 0.000005 0.046114 -0.002767
0.280000 0.468510 0.000279 0.276086 -0.000007 0.046092 -0.002766
0.280000 0.468269 0.000279 0.276263 -0.000022 0.045926 -0.002756
0.280000 0.468039 0.000277 0.276439 -0.000035 0.045612 -0.002737
0.280000 0.467820 0.000274 0.276611 -0.000048 0.045163 -0.002710
0.280000 0.467612 0.000271 0.276781 -0.000059 0.044594 -0.002676
0.280000 0.467355 0.000265 0.276998 -0.000071 0.043680 -0.002621
0.280000 0.467116 0.000259 0.277209 -0.000082 0.042615 -0.002557
0.280000 0.466895 0.000252 0.277413 -0.000091 0.041440 -0.002486
0.280000 0.466689 0.000244 0.277610 -0.000099 0.040141 -0.002408
0.280000 0.466550 0.000238 0.277748 -0.000104 0.039134 -0.002348
0.280000 0.466419 0.000232 0.277882 -0.000108 0.038079 -0.002285
0.280000 0.466295 0.000225 0.278013 -0.000112 0.036960 -0.002218
0.280000 0.466180 0.000218 0.278139 -0.000115 0.035821 -0.002149
0.280000 0.466095 0.000213 0.278232 -0.000116 0.034944 -0.002097
0.280000 0.466015 0.000207 0.278324 -0.000117 0.034056 -0.002043
0.280000 0.465939 0.000202 0.278412 -0.000117 0.033164 -0.001990
0.280000 0.465868 0.000196 0.278498 -0.000118 0.032263 -0.001936
0.280000 0.465800 0.000191 0.278582 -0.000119 0.031352 -0.001881
0.280000 0.465736 0.000185 0.278663 -0.000119 0.030438 -0.001826
0.280000 0.465676 0.000180 0.278742 -0.000119 0.029523 -0.001771
0.280000 0.465619 0.000174 0.278818 -0.000119 0.028609 -0.001717
0.280000 0.465557 0.000168 0.278903 -0.000118 0.027550 -0.001653
0.280000 0.465500 0.000162 0.278984 -0.000117 0.026497 -0.001590
0.280000 0.465447 0.000155 0.279062 -0.000116 0.025452 -0.001527
0.280000 0.465398 0.000149 0.279137 -0.000115 0.024418 -0.001465
0.280000 0.465342 0.000141 0.279226 -0.000113 0.023136 -0.001388
0.280000 0.465293 0.000134 0.279311 -0.000110 0.021880 -0.001313
0.280000 0.465248 0.000126 0.279390 -0.000108 0.020657 -0.001239
0.280000 0.465209 0.000119 0.279464 -0.000106 0.019461 -0.001168
0.280000 0.465170 0.000111 0.279545 -0.000102 0.018123 -0.001087
0.280000 0.465136 0.000103 0.279620 -0.000098 0.016812 -0.001009
0.280000 0.465109 0.000095 0.279691 -0.000096 0.015490 -0.000929
0.280000 0.465087 0.000087 0.279754 -0.000092 0.014239 -0.000854
0.280000 0.465078 0.000084 0.279781 -0.000089 0.013682 -0.000821
0.280000 0.465070 0.000080 0.279808 -0.000087 0.013134 -0.000788
0.280000 0.465063 0.000077 0.279834 -0.000085 0.012600 -0.000756
0.280000 0.465057 0.000074 0.279859 -0.000083 0.012075 -0.000725
0.280000 0.465052 0.000071 0.279883 -0.000081 0.011556 -0.000693
0.280000 0.465048 0.000068 0.279906 -0.000079 0.011049 -0.000663
0.280000 0.465045 0.000065 0.279927 -0.000077 0.010554 -0.000633
0.280000 0.465043 0.000062 0.279948 -0.000075 0.010070 -0.000604
0.280000 0.465041 0.000058 0.279976 -0.000073 0.009400 -0.000564
0.280000 0.465040 0.000054 0.280001 -0.000070 0.008755 -0.000525
0.280000 0.465041 0.000050 0.280025 -0.000067 0.008134 -0.000488
0.280000 0.465043 0.000046 0.280047 -0.000064 0.007538 -0.000452
0.280000 0.465045 0.000044 0.280061 -0.000062 0.007118 -0.000427
0.280000 0.465048 0.000041 0.280075 -0.000061 0.006710 -0.000403
0.280000 0.465051 0.000039 0.280088 -0.000059 0.006315 -0.000379
0.280000 0.465055 0.000037 0.280101 -0.000057 0.005934 -0.000356
