0.480000 0.000000 0.000000 0.480000 0.000000 -13.300800 0.798048
0.480000 -0.000000 0.000000 0.479950 0.000050 -13.299773 0.797986
0.480000 -0.000000 0.000000 0.479900 0.000100 -13.298746 0.797925
0.480000 -0.000000 0.000000 0.479849 0.000149 -13.297719 0.797863
0.480000 -0.000000 0.000000 0.479799 0.000199 -13.296692 0.797802
0.480000 -0.000000 0.000000 0.479548 0.000448 -13.291558 0.797493
0.480000 -0.000000 0.000000 0.479297 0.000697 -13.286424 0.797185
0.480000 -0.000000 0.000000 0.479046 0.000946 -13.281291 0.796877
0.480000 -0.000000 0.000000 0.478795 0.001194 -13.276159 0.796570
0.480000 -0.000000 0.000000 0.477543 0.002436 -13.250507 0.795030
0.480000 -0.000000 0.000000 0.476293 0.003675 -13.224872 0.793492
0.480000 -0.000001 0.000001 0.475045 0.004912 -13.199253 0.791955
0.480000 -0.000001 0.000001 0.473800 0.006146 -13.173650 0.790419
0.480000 -0.000005 0.000005 0.467611 0.012282 -13.045881 0.782753
0.480000 -0.000010 0.000010 0.461481 0.018359 -12.918520 0.775111
0.480000 -0.000018 0.000018 0.455410 0.024377 -12.791568 0.767494
0.480000 -0.000029 0.000028 0.449399 0.030336 -12.665024 0.759901
0.480000 -0.000113 0.000112 0.420219 0.059265 -12.038439 0.722306
0.480000 -0.000250 0.000248 0.392465 0.086782 -11.422086 0.685325
0.480000 -0.000437 0.000433 0.366094 0.112931 -10.815971 0.648958
0.480000 -0.000672 0.000666 0.341065 0.137753 -10.220094 0.613206
0.480000 -0.001603 0.001589 0.275551 0.202755 -8.546164 0.512770
0.480000 -0.002860 0.002836 0.220067 0.257867 -6.958254 0.417495
0.480000 -0.004392 0.004356 0.173716 0.303993 -5.455569 0.327334
0.480000 -0.006151 0.006103 0.135659 0.341978 -4.037034 0.242222
0.480000 -0.009010 0.008944 0.093714 0.384096 -2.131874 0.127912
0.480000 -0.012143 0.012061 0.065307 0.413006 -0.393746 0.023625
0.480000 -0.015452 0.015361 0.048468 0.430678 1.184504 -0.071070
0.480000 -0.018854 0.018759 0.041400 0.438903 2.610729 -0.156644
0.480000 -0.023239 0.023157 0.044065 0.438187 4.231911 -0.253915
0.480000 -0.027544 0.027497 0.057234 0.427462 5.637352 -0.338241
0.480000 -0.031679 0.031693 0.078405 0.409198 6.847273 -0.410836
0.480000 -0.035571 0.035678 0.105439 0.385503 7.880212 -0.472813
0.480000 -0.039798 0.040061 0.142665 0.352747 8.899833 -0.533990
0.480000 -0.043562 0.044036 0.183416 0.316959 9.724238 -0.583454
0.480000 -0.046835 0.047583 0.225954 0.279812 10.378936 -0.622736
0.480000 -0.049600 0.050688 0.268898 0.242628 10.885151 -0.653109
0.480000 -0.052025 0.053562 0.314875 0.203272 11.288995 -0.677340
0.480000 -0.053867 0.055941 0.359306 0.165762 11.562643 -0.693759
0.480000 -0.055152 0.057854 0.401616 0.130606 11.726005 -0.703560
0.480000 -0.055907 0.059331 0.441364 0.098189 11.796032 -0.707762
0.480000 -0.056163 0.060417 0.478832 0.068295 11.787011 -0.707221
0.480000 -0.055948 0.061133 0.513329 0.041450 11.711754 -0.702705
0.480000 -0.055302 0.061518 0.544866 0.017600 11.582873 -0.694972
0.480000 -0.054262 0.061610 0.573470 -0.003318 11.411348 -0.684681
0.480000 -0.052937 0.061457 0.598059 -0.020617 11.217091 -0.673025
0.480000 -0.051321 0.061104 0.620220 -0.035543 11.000043 -0.660003
0.480000 -0.049443 0.060578 0.640116 -0.048278 10.766348 -0.645981
0.480000 -0.047330 0.059907 0.657896 -0.058988 10.521294 -0.631278
0.480000 -0.044936 0.059088 0.674153 -0.068077 10.261904 -0.615714
0.480000 -0.042345 0.058163 0.688549 -0.075427 9.999014 -0.599941
0.480000 -0.039580 0.057154 0.701280 -0.081244 9.735705 -0.584142
0.480000 -0.036661 0.056080 0.712524 -0.085712 9.474503 -0.568470
0.480000 -0.032829 0.054670 0.724725 -0.089656 9.154371 -0.549262
0.480000 -0.028814 0.053210 0.735207 -0.092110 8.842799 -0.530568
0.480000 -0.024643 0.051720 0.744271 -0.093377 8.541144 -0.512469
0.480000 -0.020337 0.050217 0.752158 -0.093698 8.250395 -0.495024
0.480000 -0.014706 0.048315 0.760802 -0.093078 7.897986 -0.473879
0.480000 -0.008910 0.046434 0.768285 -0.091661 7.562687 -0.453761
0.480000 -0.002971 0.044585 0.774908 -0.089738 7.242949 -0.434577
0.480000 0.003097 0.042779 0.780890 -0.087521 6.937850 -0.416271
0.480000 0.011015 0.040544 0.787882 -0.084528 6.567710 -0.394063
0.480000 0.019108 0.038387 0.794327 -0.081517 6.215459 -0.372928
0.480000 0.027367 0.036302 0.800336 -0.078576 5.877781 -0.352667
0.480000 0.035780 0.034291 0.806025 -0.075806 5.553279 -0.333197
0.480000 0.043381 0.032563 0.810875 -0.073531 5.274783 -0.316487
0.480000 0.051092 0.030887 0.815505 -0.071398 5.004251 -0.300255
0.480000 0.058908 0.029258 0.819903 -0.069385 4.740973 -0.284458
0.480000 0.066823 0.027674 0.824072 -0.067487 4.484444 -0.269067
0.480000 0.076292 0.025858 0.828705 -0.065382 4.189610 -0.251377
0.480000 0.085883 0.024099 0.832991 -0.063381 3.903265 -0.234196
0.480000 0.095586 0.022393 0.836916 -0.061455 3.625193 -0.217512
0.480000 0.105392 0.020738 0.840484 -0.059595 3.355128 -0.201308
0.480000 0.118590 0.018613 0.844687 -0.057207 3.007560 -0.180454
0.480000 0.131929 0.016573 0.848260 -0.054889 2.673752 -0.160425
0.480000 0.145387 0.014617 0.851221 -0.052630 2.353617 -0.141217
0.480000 0.158942 0.012742 0.853592 -0.050426 2.046702 -0.122802
0.480000 0.178671 0.010169 0.856013 -0.047313 1.625547 -0.097533
0.480000 0.198498 0.007758 0.857334 -0.044310 1.230820 -0.073849
0.480000 0.218365 0.005503 0.857656 -0.041441 0.861707 -0.051702
0.480000 0.238223 0.003398 0.857019 -0.038672 0.517055 -0.031023
0.480000 0.257160 0.001517 0.855561 -0.036100 0.209518 -0.012571
0.480000 0.276005 -0.000236 0.853356 -0.033625 -0.077167 0.004630
0.480000 0.294722 -0.001868 0.850457 -0.031240 -0.343906 0.020634
0.480000 0.313278 -0.003383 0.846924 -0.028951 -0.591362 0.035482
0.480000 0.334871 -0.005021 0.842025 -0.026379 -0.859074 0.051544
0.480000 0.356153 -0.006511 0.836399 -0.023935 -1.102378 0.066143
0.480000 0.377081 -0.007860 0.830126 -0.021620 -1.322308 0.079338
0.480000 0.397620 -0.009074 0.823276 -0.019427 -1.520377 0.091223
0.480000 0.419632 -0.010260 0.815175 -0.017147 -1.713499 0.102810
0.480000 0.441100 -0.011302 0.806552 -0.015010 -1.883266 0.112996
0.480000 0.461995 -0.012211 0.797499 -0.013025 -2.031490 0.121889
0.480000 0.482290 -0.012995 0.788055 -0.011154 -2.158976 0.129539
0.480000 0.494682 -0.013425 0.781967 -0.010034 -2.228631 0.133718
0.480000 0.506825 -0.013811 0.775779 -0.008967 -2.291059 0.137464
0.480000 0.518714 -0.014154 0.769502 -0.007947 -2.346547 0.140793
0.480000 0.530347 -0.014457 0.763152 -0.006974 -2.395446 0.143727
0.480000 0.541721 -0.014722 0.756744 -0.006050 -2.438090 0.146285
0.480000 0.552834 -0.014949 0.750286 -0.005169 -2.474724 0.148483
0.480000 0.563683 -0.015142 0.743793 -0.004329 -2.505625 0.150337
0.480000 0.574268 -0.015302 0.737275 -0.003531 -2.531072 0.151864
0.480000 0.587298 -0.015459 0.728996 -0.002575 -2.555899 0.153354
0.480000 0.599902 -0.015568 0.720717 -0.001680 -2.572929 0.154376
0.480000 0.612081 -0.015633 0.712456 -0.000846 -2.582685 0.154961
0.480000 0.623834 -0.015656 0.704232 -0.000068 -2.585647 0.155139
0.480000 0.637480 -0.015633 0.694364 0.000799 -2.580832 0.154850
0.480000 0.650516 -0.015558 0.684601 0.001589 -2.567587 0.154055
0.480000 0.662947 -0.015436 0.674967 0.002308 -2.546668 0.152800
0.480000 0.674784 -0.015272 0.665485 0.002958 -2.518807 0.151128
0.480000 0.686036 -0.015070 0.656175 0.003542 -2.484700 0.149082
0.480000 0.696714 -0.014833 0.647054 0.004064 -2.444985 0.146699
0.480000 0.706831 -0.014565 0.638139 0.004525 -2.400277 0.144017
0.480000 0.716400 -0.014271 0.629441 0.004932 -2.351161 0.141070
0.480000 0.725511 -0.013949 0.620898 0.005290 -2.297690 0.137861
0.480000 0.734093 -0.013607 0.612597 0.005600 -2.240810 0.134449
0.480000 0.742161 -0.013247 0.604542 0.005868 -2.181034 0.130862
0.480000 0.749733 -0.012872 0.596745 0.006092 -2.118775 0.127127
0.480000 0.756469 -0.012504 0.589595 0.006265 -2.057854 0.123471
0.480000 0.762786 -0.012127 0.582684 0.006404 -1.995431 0.119726
0.480000 0.768698 -0.011742 0.576017 0.006509 -1.931777 0.115907
0.480000 0.774221 -0.011352 0.569592 0.006584 -1.867274 0.112036
0.480000 0.779127 -0.010978 0.563702 0.006633 -1.805361 0.108322
0.480000 0.783706 -0.010601 0.558031 0.006660 -1.743127 0.104588
0.480000 0.787970 -0.010224 0.552579 0.006666 -1.680830 0.100850
0.480000 0.791932 -0.009847 0.547343 0.006653 -1.618573 0.097114
0.480000 0.796140 -0.009413 0.541574 0.006614 -1.547074 0.092824
0.480000 0.799982 -0.008983 0.536085 0.006554 -1.476093 0.088566
0.480000 0.803473 -0.008557 0.530868 0.006481 -1.405738 0.084344
0.480000 0.806634 -0.008137 0.525928 0.006386 -1.336384 0.080183
0.480000 0.808642 -0.007849 0.522660 0.006307 -1.288977 0.077339
0.480000 0.810505 -0.007565 0.519516 0.006223 -1.242173 0.074530
0.480000 0.812229 -0.007284 0.516499 0.006132 -1.196037 0.071762
0.480000 0.813818 -0.007008 0.513602 0.006036 -1.150589 0.069035
0.480000 0.815279 -0.006737 0.510824 0.005937 -1.105850 0.066351
0.480000 0.816616 -0.006470 0.508163 0.005833 -1.061879 0.063713
0.480000 0.817835 -0.006208 0.505616 0.005725 -1.018712 0.061123
0.480000 0.818941 -0.005951 0.503183 0.005613 -0.976376 0.058583
0.480000 0.820193 -0.005631 0.500247 0.005465 -0.923793 0.055428
0.480000 0.821280 -0.005320 0.497485 0.005313 -0.872642 0.052358
0.480000 0.822213 -0.005018 0.494889 0.005157 -0.822950 0.049377
0.480000 0.823001 -0.004726 0.492455 0.004998 -0.774765 0.046486
0.480000 0.823823 -0.004359 0.489522 0.004789 -0.714378 0.042863
0.480000 0.824435 -0.004007 0.486840 0.004577 -0.656626 0.039398
0.480000 0.824855 -0.003672 0.484397 0.004363 -0.601580 0.036095
0.480000 0.825100 -0.003353 0.482180 0.004151 -0.549140 0.032948
0.480000 0.825176 -0.003142 0.480774 0.004005 -0.514418 0.030865
0.480000 0.825182 -0.002938 0.479466 0.003860 -0.480941 0.028856
0.480000 0.825122 -0.002742 0.478252 0.003717 -0.448672 0.026920
0.480000 0.825002 -0.002553 0.477130 0.003574 -0.417638 0.025058
0.480000 0.824827 -0.002372 0.476095 0.003433 -0.387848 0.023271
0.480000 0.824599 -0.002198 0.475143 0.003293 -0.359257 0.021555
0.480000 0.824325 -0.002031 0.474272 0.003154 -0.331857 0.019911
0.480000 0.824007 -0.001871 0.473476 0.003018 -0.305618 0.018337
0.480000 0.823627 -0.001709 0.472709 0.002878 -0.278988 0.016739
0.480000 0.823206 -0.001554 0.472020 0.002740 -0.253620 0.015217
0.480000 0.822750 -0.001407 0.471403 0.002607 -0.229487 0.013769
0.480000 0.822262 -0.001267 0.470855 0.002476 -0.206558 0.012393
0.480000 0.821743 -0.001134 0.470373 0.002347 -0.184700 0.011082
0.480000 0.821199 -0.001008 0.469953 0.002221 -0.164001 0.009840
0.480000 0.820633 -0.000888 0.469593 0.002098 -0.144420 0.008665
0.480000 0.820049 -0.000776 0.469289 0.001979 -0.125939 0.007556
0.480000 0.819443 -0.000668 0.469034 0.001863 -0.108348 0.006501
0.480000 0.818825 -0.000567 0.468828 0.001751 -0.091807 0.005508
0.480000 0.818196 -0.000473 0.468669 0.001643 -0.076291 0.004577
0.480000 0.817560 -0.000384 0.468554 0.001538 -0.061749 0.003705
0.480000 0.816873 -0.000295 0.468476 0.001430 -0.047238 0.002834
0.480000 0.816184 -0.000213 0.468440 0.001327 -0.033761 0.002026
0.480000 0.815493 -0.000137 0.468444 0.001228 -0.021263 0.001276
0.480000 0.814804 -0.000066 0.468484 0.001133 -0.009724 0.000583
0.480000 0.814183 -0.000007 0.468549 0.001050 -0.000088 0.000005
0.480000 0.813567 0.000047 0.468639 0.000971 0.008833 -0.000530
0.480000 0.812956 0.000098 0.468752 0.000895 0.017058 -0.001023
0.480000 0.812352 0.000144 0.468886 0.000823 0.024629 -0.001478
0.480000 0.811756 0.000187 0.469038 0.000754 0.031583 -0.001895
0.480000 0.811168 0.000226 0.469208 0.000688 0.037938 -0.002276
0.480000 0.810590 0.000261 0.469392 0.000626 0.043727 -0.002624
0.480000 0.810023 0.000293 0.469590 0.000566 0.048973 -0.002938
0.480000 0.809481 0.000321 0.469795 0.000511 0.053579 -0.003215
0.480000 0.808950 0.000347 0.470011 0.000458 0.057719 -0.003463
0.480000 0.808431 0.000370 0.470236 0.000408 0.061417 -0.003685
0.480000 0.807923 0.000390 0.470468 0.000360 0.064696 -0.003882
0.480000 0.807421 0.000408 0.470711 0.000315 0.067620 -0.004057
0.480000 0.806932 0.000424 0.470959 0.000272 0.070157 -0.004209
0.480000 0.806456 0.000437 0.471212 0.000232 0.072329 -0.004340
0.480000 0.805994 0.000448 0.471468 0.000194 0.074159 -0.004450
0.480000 0.805495 0.000459 0.471757 0.000154 0.075819 -0.004549
0.480000 0.805014 0.000467 0.472049 0.000117 0.077106 -0.004626
0.480000 0.804550 0.000473 0.472341 0.000083 0.078052 -0.004683
0.480000 0.804103 0.000477 0.472634 0.000051 0.078675 -0.004720
0.480000 0.803600 0.000479 0.472977 0.000017 0.079033 -0.004742
0.480000 0.803121 0.000479 0.473318 -0.000014 0.079012 -0.004741
0.480000 0.802666 0.000477 0.473655 -0.000043 0.078637 -0.004718
0.480000 0.802234 0.000473 0.473987 -0.000068 0.077963 -0.004678
0.480000 0.801956 0.000470 0.474208 -0.000083 0.077362 -0.004642
0.480000 0.801688 0.000465 0.474426 -0.000097 0.076647 -0.004599
0.480000 0.801430 0.000460 0.474641 -0.000110 0.075828 -0.004550
0.480000 0.801182 0.000455 0.474853 -0.000122 0.074911 -0.004495
0.480000 0.800944 0.000449 0.475061 -0.000133 0.073900 -0.004434
0.480000 0.800716 0.000442 0.475265 -0.000144 0.072808 -0.004368
0.480000 0.800497 0.000435 0.475466 -0.000153 0.071641 -0.004298
0.480000 0.800288 0.000428 0.475662 -0.000161 0.070408 -0.004224
0.480000 0.800031 0.000418 0.475910 -0.000171 0.068726 -0.004124
0.480000 0.799789 0.000407 0.476151 -0.000179 0.066958 -0.004017
0.480000 0.799561 0.000396 0.476384 -0.000185 0.065115 -0.003907
0.480000 0.799347 0.000385 0.476610 -0.000191 0.063212 -0.003793
0.480000 0.799114 0.000371 0.476864 -0.000196 0.060915 -0.003655
0.480000 0.798899 0.000357 0.477108 -0.000199 0.058571 -0.003514
0.480000 0.798700 0.000342 0.477342 -0.000202 0.056202 -0.003372
0.480000 0.798518 0.000328 0.477565 -0.000204 0.053806 -0.003228
0.480000 0.798359 0.000314 0.477768 -0.000205 0.051522 -0.003091
0.480000 0.798213 0.000300 0.477960 -0.000204 0.049229 -0.002954
0.480000 0.798080 0.000286 0.478144 -0.000203 0.046908 -0.002814
0.480000 0.797960 0.000272 0.478317 -0.000200 0.044621 -0.002677
0.480000 0.797862 0.000260 0.478464 -0.000198 0.042613 -0.002557
0.480000 0.797773 0.000248 0.478604 -0.000195 0.040642 -0.002439
0.480000 0.797692 0.000236 0.478735 -0.000191 0.038754 -0.002325
0.480000 0.797619 0.000225 0.478861 -0.000187 0.036886 -0.002213
0.480000 0.797575 0.000217 0.478942 -0.000185 0.035626 -0.002138
0.480000 0.797534 0.000210 0.479020 -0.000183 0.034385 -0.002063
0.480000 0.797495 0.000203 0.479095 -0.000181 0.033160 -0.001990
0.480000 0.797460 0.000195 0.479166 -0.000178 0.031957 -0.001917
0.480000 0.797428 0.000188 0.479235 -0.000175 0.030781 -0.001847
0.480000 0.797398 0.000181 0.479301 -0.000172 0.029626 -0.001778
0.480000 0.797371 0.000174 0.479364 -0.000168 0.028493 -0.001710
0.480000 0.797346 0.000167 0.479424 -0.000165 0.027382 -0.001643
0.480000 0.797317 0.000159 0.479501 -0.000161 0.025935 -0.001556
0.480000 0.797292 0.000150 0.479574 -0.000156 0.024529 -0.001472
0.480000 0.797271 0.000142 0.479642 -0.000151 0.023165 -0.001390
0.480000 0.797254 0.000134 0.479706 -0.000147 0.021841 -0.001310
0.480000 0.797237 0.000124 0.479778 -0.000141 0.020286 -0.001217
0.480000 0.797224 0.000115 0.479845 -0.000135 0.018792 -0.001128
0.480000 0.797216 0.000107 0.479907 -0.000130 0.017358 -0.001041
0.480000 0.797212 0.000098 0.479963 -0.000124 0.015986 -0.000959
0.480000 0.797211 0.000090 0.480015 -0.000119 0.014677 -0.000881
0.480000 0.797214 0.000083 0.480062 -0.000113 0.013429 -0.000806
0.480000 0.797219 0.000075 0.480104 -0.000107 0.012243 -0.000735
0.480000 0.797228 0.000069 0.480142 -0.000101 0.011118 -0.000667
0.480000 0.797230 0.000067 0.480150 -0.000100 0.010870 -0.000652
0.480000 0.797232 0.000066 0.480158 -0.000099 0.010624 -0.000637
0.480000 0.797234 0.000064 0.480166 -0.000098 0.010382 -0.000623
0.480000 0.797237 0.000063 0.480173 -0.000097 0.010143 -0.000609
