0.940000 0.000000 0.000000 0.940000 0.000000 -26.047400 1.562844
0.940000 -0.000000 0.000000 0.939950 0.000050 -26.046373 1.562782
0.940000 -0.000000 0.000000 0.939900 0.000100 -26.045346 1.562721
0.940000 -0.000000 0.000000 0.939849 0.000149 -26.044319 1.562659
0.940000 -0.000000 0.000000 0.939799 0.000199 -26.043292 1.562598
0.940000 -0.000000 0.000000 0.939548 0.000448 -26.038157 1.562289
0.940000 -0.000000 0.000000 0.939297 0.000697 -26.033023 1.561981
0.940000 -0.000000 0.000000 0.939046 0.000946 -26.027889 1.561673
0.940000 -0.000000 0.000000 0.938795 0.001195 -26.022755 1.561365
0.940000 -0.000000 0.000000 0.937541 0.002438 -25.997092 1.559826
0.940000 -0.000000 0.000000 0.936288 0.003680 -25.971437 1.558286
0.940000 -0.000000 0.000000 0.935036 0.004921 -25.945790 1.556747
0.940000 -0.000001 0.000001 0.933786 0.006161 -25.920152 1.555209
0.940000 -0.000002 0.000002 0.927552 0.012340 -25.792084 1.547525
0.940000 -0.000005 0.000005 0.921349 0.018490 -25.664226 1.539854
0.940000 -0.000009 0.000009 0.915177 0.024608 -25.536576 1.532195
0.940000 -0.000015 0.000015 0.909035 0.030697 -25.409134 1.524548
0.940000 -0.000058 0.000058 0.878782 0.060689 -24.775054 1.486503
0.940000 -0.000131 0.000129 0.849280 0.089937 -24.146193 1.448772
0.940000 -0.000230 0.000228 0.820516 0.118453 -23.522555 1.411353
0.940000 -0.000357 0.000354 0.792480 0.146250 -22.904143 1.374249
0.940000 -0.001362 0.001350 0.663612 0.274038 -19.909831 1.194590
0.940000 -0.002934 0.002909 0.551108 0.385659 -17.044822 1.022689
0.940000 -0.005001 0.004959 0.453739 0.482353 -14.309180 0.858551
0.940000 -0.007492 0.007431 0.370358 0.565278 -11.702842 0.702171
0.940000 -0.011904 0.011811 0.268884 0.666493 -8.023570 0.481414
0.940000 -0.016942 0.016816 0.193234 0.742410 -4.632258 0.277935
0.940000 -0.022435 0.022281 0.140208 0.796240 -1.521665 0.091300
0.940000 -0.028233 0.028059 0.106775 0.831012 1.318623 -0.079117
0.940000 -0.036291 0.036107 0.087721 0.852710 4.739399 -0.284364
0.940000 -0.044413 0.044249 0.092806 0.851199 7.736057 -0.464163
0.940000 -0.052400 0.052296 0.116573 0.831897 10.352266 -0.621136
0.940000 -0.060091 0.060092 0.154286 0.799490 12.629204 -0.757752
0.940000 -0.068490 0.068682 0.210385 0.750539 14.898936 -0.893936
0.940000 -0.076217 0.076685 0.275333 0.693703 16.821155 -1.009269
0.940000 -0.083200 0.084039 0.345584 0.632428 18.443002 -1.106580
0.940000 -0.089388 0.090702 0.418499 0.569265 19.799879 -1.187993
0.940000 -0.095542 0.097547 0.504041 0.495897 21.080239 -1.264814
0.940000 -0.100600 0.103459 0.588738 0.424153 22.083110 -1.324987
0.940000 -0.104588 0.108471 0.671288 0.355202 22.841219 -1.370473
0.940000 -0.107533 0.112618 0.750786 0.289828 23.380591 -1.402835
0.940000 -0.109729 0.116486 0.840566 0.217375 23.768037 -1.426082
0.940000 -0.110596 0.119292 0.924728 0.150949 23.915217 -1.434913
0.940000 -0.110226 0.121135 1.002983 0.090679 23.856000 -1.431360
0.940000 -0.108708 0.122105 1.075087 0.036670 23.621010 -1.417261
0.940000 -0.106274 0.122298 1.137898 -0.008920 23.260330 -1.395620
0.940000 -0.102968 0.121868 1.195112 -0.049016 22.791441 -1.367486
0.940000 -0.098871 0.120896 1.246845 -0.083812 22.237285 -1.334237
0.940000 -0.094061 0.119456 1.293200 -0.113478 21.618832 -1.297130
0.940000 -0.088911 0.117721 1.332303 -0.137042 20.990824 -1.259449
0.940000 -0.083252 0.115690 1.366976 -0.156485 20.337226 -1.220234
0.940000 -0.077145 0.113420 1.397495 -0.172112 19.670933 -1.180256
0.940000 -0.070644 0.110958 1.424130 -0.184215 19.002961 -1.140178
0.940000 -0.062680 0.107924 1.450530 -0.194238 18.238587 -1.094315
0.940000 -0.054328 0.104761 1.472693 -0.200541 17.495116 -1.049707
0.940000 -0.045654 0.101523 1.491201 -0.203712 16.780213 -1.006813
0.940000 -0.036709 0.098258 1.506572 -0.204268 16.099097 -0.965946
0.940000 -0.026368 0.094591 1.520758 -0.202383 15.376089 -0.922565
0.940000 -0.015795 0.090976 1.532362 -0.198552 14.699541 -0.881972
0.940000 -0.005030 0.087443 1.542030 -0.193397 14.067297 -0.844038
0.940000 0.005895 0.084010 1.550276 -0.187413 13.476700 -0.808602
0.940000 0.022197 0.079180 1.560766 -0.178015 12.677565 -0.760654
0.940000 0.038764 0.074596 1.570118 -0.168633 11.943492 -0.716609
0.940000 0.055588 0.070238 1.578901 -0.159758 11.257891 -0.675473
0.940000 0.072644 0.066101 1.587534 -0.151762 10.612876 -0.636773
0.940000 0.086937 0.062836 1.594733 -0.145936 10.104721 -0.606283
0.940000 0.101388 0.059692 1.601915 -0.140738 9.613646 -0.576819
0.940000 0.115999 0.056653 1.609009 -0.136073 9.136645 -0.548199
0.940000 0.130764 0.053711 1.615988 -0.131896 8.671685 -0.520301
0.940000 0.146693 0.050667 1.623269 -0.127912 8.186975 -0.491219
0.940000 0.162788 0.047713 1.630254 -0.124278 7.713372 -0.462802
0.940000 0.179043 0.044840 1.636863 -0.120898 7.250451 -0.435027
0.940000 0.195449 0.042044 1.643058 -0.117717 6.797753 -0.407865
0.940000 0.217770 0.038391 1.650694 -0.113659 6.203431 -0.372206
0.940000 0.240319 0.034863 1.657447 -0.109765 5.627813 -0.337669
0.940000 0.263065 0.031458 1.663297 -0.105980 5.071478 -0.304289
0.940000 0.285981 0.028172 1.668248 -0.102274 4.533890 -0.272033
0.940000 0.314165 0.024312 1.673081 -0.097801 3.902079 -0.234125
0.940000 0.342512 0.020624 1.676657 -0.093417 3.298272 -0.197896
0.940000 0.370970 0.017105 1.679072 -0.089156 2.722195 -0.163332
0.940000 0.399499 0.013750 1.680351 -0.084982 2.172998 -0.130380
0.940000 0.428433 0.010511 1.680523 -0.080818 1.643252 -0.098595
0.940000 0.457353 0.007432 1.679665 -0.076763 1.139893 -0.068394
0.940000 0.486220 0.004511 1.677843 -0.072825 0.662134 -0.039728
0.940000 0.514998 0.001740 1.675106 -0.068999 0.209257 -0.012555
0.940000 0.557252 -0.002083 1.669485 -0.063528 -0.415664 0.024940
0.940000 0.599131 -0.005598 1.662163 -0.058310 -0.990027 0.059402
0.940000 0.640540 -0.008816 1.653319 -0.053363 -1.515772 0.090946
0.940000 0.681396 -0.011755 1.643071 -0.048651 -1.995881 0.119753
0.940000 0.720723 -0.014372 1.631797 -0.044229 -2.423235 0.145394
0.940000 0.759383 -0.016747 1.619445 -0.040026 -2.810761 0.168646
0.940000 0.797319 -0.018890 1.606149 -0.036054 -3.160694 0.189642
0.940000 0.834480 -0.020815 1.591993 -0.032279 -3.474670 0.208480
0.940000 0.876215 -0.022774 1.574789 -0.028181 -3.793876 0.227633
0.940000 0.916806 -0.024474 1.556741 -0.024333 -4.070626 0.244238
0.940000 0.956204 -0.025934 1.537961 -0.020699 -4.307236 0.258434
0.940000 0.994366 -0.027167 1.518640 -0.017329 -4.506933 0.270416
0.940000 1.017547 -0.027829 1.506373 -0.015366 -4.614261 0.276856
0.940000 1.040228 -0.028413 1.493955 -0.013484 -4.708763 0.282526
0.940000 1.062403 -0.028922 1.481420 -0.011690 -4.791023 0.287461
0.940000 1.084068 -0.029360 1.468789 -0.009976 -4.861576 0.291695
0.940000 1.105221 -0.029731 1.456083 -0.008338 -4.920938 0.295256
0.940000 1.125858 -0.030036 1.443330 -0.006779 -4.969682 0.298181
0.940000 1.145978 -0.030281 1.430553 -0.005297 -5.008353 0.300501
0.940000 1.165581 -0.030466 1.417772 -0.003891 -5.037447 0.302247
0.940000 1.191043 -0.030629 1.400672 -0.002124 -5.062280 0.303737
0.940000 1.215579 -0.030699 1.383640 -0.000483 -5.071974 0.304318
0.940000 1.239193 -0.030684 1.366716 0.001038 -5.067634 0.304058
0.940000 1.261893 -0.030589 1.349938 0.002442 -5.050318 0.303019
0.940000 1.284232 -0.030416 1.332920 0.003765 -5.020153 0.301209
0.940000 1.305629 -0.030172 1.316121 0.004976 -4.978463 0.298708
0.940000 1.326098 -0.029864 1.299572 0.006081 -4.926244 0.295575
0.940000 1.345654 -0.029497 1.283300 0.007084 -4.864452 0.291867
0.940000 1.371944 -0.028884 1.260662 0.008346 -4.761763 0.285706
0.940000 1.396468 -0.028179 1.238689 0.009427 -4.643958 0.278637
0.940000 1.419280 -0.027395 1.217428 0.010344 -4.513315 0.270799
0.940000 1.440438 -0.026545 1.196924 0.011105 -4.371909 0.262315
0.940000 1.455363 -0.025866 1.181953 0.011585 -4.259147 0.255549
0.940000 1.469406 -0.025161 1.167442 0.011988 -4.142110 0.248527
0.940000 1.482594 -0.024433 1.153402 0.012316 -4.021476 0.241289
0.940000 1.494956 -0.023687 1.139837 0.012578 -3.898006 0.233880
0.940000 1.506521 -0.022928 1.126747 0.012783 -3.772320 0.226339
0.940000 1.517317 -0.022158 1.114137 0.012929 -3.644984 0.218699
0.940000 1.527372 -0.021382 1.102010 0.013023 -3.516598 0.210996
0.940000 1.536717 -0.020601 1.090361 0.013068 -3.387573 0.203254
0.940000 1.548986 -0.019475 1.074439 0.013037 -3.202010 0.192121
0.940000 1.559923 -0.018354 1.059475 0.012942 -3.016964 0.181018
0.940000 1.569612 -0.017243 1.045431 0.012814 -2.832802 0.169968
0.940000 1.578133 -0.016148 1.032370 0.012583 -2.651953 0.159117
0.940000 1.581329 -0.015703 1.027268 0.012451 -2.578823 0.154729
0.940000 1.584345 -0.015262 1.022311 0.012321 -2.506355 0.150381
0.940000 1.587188 -0.014826 1.017503 0.012186 -2.434627 0.146078
0.940000 1.589863 -0.014395 1.012841 0.012048 -2.363639 0.141818
0.940000 1.592374 -0.013968 1.008322 0.011907 -2.293402 0.137604
0.940000 1.594727 -0.013547 1.003949 0.011760 -2.224009 0.133441
0.940000 1.596927 -0.013131 0.999720 0.011606 -2.155514 0.129331
0.940000 1.598979 -0.012721 0.995633 0.011447 -2.087946 0.125277
0.940000 1.601754 -0.012125 0.989843 0.011200 -1.989776 0.119387
0.940000 1.604231 -0.011542 0.984350 0.010943 -1.893808 0.113629
0.940000 1.606428 -0.010973 0.979145 0.010679 -1.800114 0.108007
0.940000 1.608357 -0.010418 0.974220 0.010407 -1.708770 0.102526
0.940000 1.610605 -0.009678 0.967881 0.010027 -1.586987 0.095219
0.940000 1.612411 -0.008966 0.962039 0.009635 -1.469855 0.088191
0.940000 1.613811 -0.008283 0.956678 0.009228 -1.357438 0.081446
0.940000 1.614838 -0.007628 0.951767 0.008821 -1.249858 0.074991
0.940000 1.615340 -0.007200 0.948672 0.008548 -1.179559 0.070774
0.940000 1.615695 -0.006786 0.945769 0.008275 -1.111475 0.066689
0.940000 1.615911 -0.006386 0.943048 0.008006 -1.045630 0.062738
0.940000 1.615998 -0.005999 0.940506 0.007737 -0.981983 0.058919
0.940000 1.615964 -0.005625 0.938137 0.007467 -0.920519 0.055231
0.940000 1.615817 -0.005264 0.935934 0.007199 -0.861241 0.051674
0.940000 1.615566 -0.004916 0.933889 0.006933 -0.804111 0.048247
0.940000 1.615218 -0.004581 0.931996 0.006670 -0.749129 0.044948
0.940000 1.614608 -0.004150 0.929670 0.006323 -0.678262 0.040696
0.940000 1.613852 -0.003741 0.927595 0.005981 -0.611183 0.036671
0.940000 1.612965 -0.003355 0.925758 0.005646 -0.547844 0.032871
0.940000 1.611964 -0.002991 0.924142 0.005320 -0.488100 0.029286
0.940000 1.611113 -0.002722 0.923025 0.005072 -0.443908 0.026634
0.940000 1.610207 -0.002465 0.922028 0.004830 -0.401805 0.024108
0.940000 1.609252 -0.002221 0.921144 0.004595 -0.361729 0.021704
0.940000 1.608255 -0.001989 0.920369 0.004365 -0.323649 0.019419
0.940000 1.607220 -0.001769 0.919698 0.004140 -0.287527 0.017252
0.940000 1.606152 -0.001560 0.919122 0.003922 -0.253297 0.015198
0.940000 1.605057 -0.001362 0.918639 0.003708 -0.220904 0.013254
0.940000 1.603940 -0.001175 0.918241 0.003501 -0.190297 0.011418
0.940000 1.602669 -0.000979 0.917890 0.003278 -0.158127 0.009488
0.940000 1.601380 -0.000795 0.917633 0.003063 -0.128043 0.007683
0.940000 1.600080 -0.000624 0.917461 0.002858 -0.099974 0.005998
0.940000 1.598772 -0.000464 0.917371 0.002659 -0.073831 0.004430
0.940000 1.597396 -0.000309 0.917356 0.002459 -0.048403 0.002904
0.940000 1.596022 -0.000165 0.917417 0.002268 -0.024927 0.001496
0.940000 1.594653 -0.000033 0.917547 0.002084 -0.003299 0.000198
0.940000 1.593295 0.000088 0.917741 0.001908 0.016533 -0.000992
0.940000 1.591979 0.000197 0.917983 0.001745 0.034273 -0.002056
0.940000 1.590680 0.000296 0.918275 0.001590 0.050457 -0.003027
0.940000 1.589399 0.000386 0.918611 0.001443 0.065134 -0.003908
0.940000 1.588140 0.000467 0.918986 0.001304 0.078423 -0.004705
0.940000 1.586872 0.000542 0.919408 0.001167 0.090681 -0.005441
0.940000 1.585632 0.000610 0.919862 0.001039 0.101627 -0.006098
0.940000 1.584419 0.000669 0.920342 0.000919 0.111373 -0.006682
0.940000 1.583237 0.000722 0.920848 0.000806 0.119933 -0.007196
0.940000 1.582463 0.000753 0.921200 0.000732 0.125016 -0.007501
0.940000 1.581703 0.000781 0.921560 0.000662 0.129625 -0.007778
0.940000 1.580958 0.000807 0.921928 0.000595 0.133776 -0.008027
0.940000 1.580228 0.000830 0.922301 0.000531 0.137494 -0.008250
0.940000 1.579513 0.000851 0.922679 0.000470 0.140801 -0.008448
0.940000 1.578814 0.000869 0.923061 0.000412 0.143711 -0.008623
0.940000 1.578130 0.000884 0.923448 0.000357 0.146240 -0.008774
0.940000 1.577462 0.000898 0.923837 0.000304 0.148409 -0.008905
0.940000 1.576586 0.000913 0.924366 0.000237 0.150792 -0.009048
0.940000 1.575739 0.000924 0.924897 0.000174 0.152588 -0.009155
0.940000 1.574921 0.000932 0.925428 0.000115 0.153837 -0.009230
0.940000 1.574133 0.000937 0.925959 0.000061 0.154576 -0.009275
0.940000 1.573225 0.000939 0.926593 0.000001 0.154840 -0.009290
0.940000 1.572358 0.000937 0.927221 -0.000054 0.154482 -0.009269
0.940000 1.571533 0.000932 0.927843 -0.000104 0.153557 -0.009213
0.940000 1.570749 0.000923 0.928455 -0.000149 0.152122 -0.009127
0.940000 1.570005 0.000912 0.929057 -0.000189 0.150229 -0.009014
0.940000 1.569301 0.000898 0.929646 -0.000225 0.147927 -0.008876
0.940000 1.568635 0.000883 0.930222 -0.000256 0.145264 -0.008716
0.940000 1.568006 0.000865 0.930783 -0.000283 0.142281 -0.008537
0.940000 1.567442 0.000846 0.931305 -0.000306 0.139171 -0.008350
0.940000 1.566909 0.000826 0.931812 -0.000326 0.135840 -0.008150
0.940000 1.566408 0.000805 0.932306 -0.000345 0.132321 -0.007939
0.940000 1.565938 0.000783 0.932784 -0.000360 0.128635 -0.007718
0.940000 1.565577 0.000764 0.933160 -0.000370 0.125533 -0.007532
0.940000 1.565235 0.000745 0.933526 -0.000378 0.122357 -0.007341
0.940000 1.564912 0.000725 0.933881 -0.000385 0.119113 -0.007147
0.940000 1.564607 0.000705 0.934225 -0.000390 0.115821 -0.006949
0.940000 1.564340 0.000687 0.934534 -0.000394 0.112751 -0.006765
0.940000 1.564089 0.000668 0.934833 -0.000397 0.109655 -0.006579
0.940000 1.563851 0.000649 0.935123 -0.000399 0.106542 -0.006393
0.940000 1.563626 0.000630 0.935405 -0.000400 0.103419 -0.006205
0.940000 1.563363 0.000606 0.935745 -0.000400 0.099487 -0.005969
0.940000 1.563119 0.000582 0.936070 -0.000398 0.095562 -0.005734
0.940000 1.562894 0.000559 0.936382 -0.000396 0.091653 -0.005499
0.940000 1.562688 0.000535 0.936679 -0.000393 0.087774 -0.005266
0.940000 1.562498 0.000512 0.936964 -0.000388 0.083921 -0.005035
0.940000 1.562324 0.000489 0.937235 -0.000383 0.080117 -0.004807
0.940000 1.562166 0.000466 0.937493 -0.000377 0.076374 -0.004582
0.940000 1.562024 0.000444 0.937737 -0.000370 0.072695 -0.004362
0.940000 1.561896 0.000422 0.937969 -0.000362 0.069084 -0.004145
0.940000 1.561781 0.000400 0.938188 -0.000354 0.065549 -0.003933
0.940000 1.561678 0.000379 0.938395 -0.000346 0.062093 -0.003726
0.940000 1.561588 0.000359 0.938591 -0.000338 0.058723 -0.003523
0.940000 1.561511 0.000340 0.938770 -0.000329 0.055520 -0.003331
0.940000 1.561444 0.000321 0.938939 -0.000320 0.052405 -0.003144
0.940000 1.561387 0.000302 0.939097 -0.000310 0.049378 -0.002963
0.940000 1.561339 0.000284 0.939245 -0.000300 0.046445 -0.002787
0.940000 1.561301 0.000268 0.939374 -0.000291 0.043808 -0.002628
0.940000 1.561271 0.000253 0.939495 -0.000282 0.041252 -0.002475
0.940000 1.561247 0.000238 0.939609 -0.000273 0.038782 -0.002327
0.940000 1.561228 0.000223 0.939716 -0.000264 0.036393 -0.002184
0.940000 1.561215 0.000209 0.939816 -0.000255 0.034057 -0.002043
0.940000 1.561208 0.000195 0.939909 -0.000245 0.031806 -0.001908
0.940000 1.561205 0.000182 0.939995 -0.000236 0.029635 -0.001778
0.940000 1.561207 0.000169 0.940074 -0.000227 0.027549 -0.001653
0.940000 1.561214 0.000156 0.940153 -0.000217 0.025417 -0.001525
0.940000 1.561225 0.000144 0.940224 -0.000207 0.023380 -0.001403
0.940000 1.561240 0.000132 0.940289 -0.000198 0.021440 -0.001286
0.940000 1.561259 0.000121 0.940348 -0.000188 0.019589 -0.001175
