0.600000 0.000000 0.000000 0.600000 0.000000 -16.626000 0.997560
0.600000 -0.000000 0.000000 0.599950 0.000050 -16.624973 0.997498
0.600000 -0.000000 0.000000 0.599900 0.000100 -16.623946 0.997437
0.600000 -0.000000 0.000000 0.599849 0.000149 -16.622919 0.997375
0.600000 -0.000000 0.000000 0.599799 0.000199 -16.621892 0.997314
0.600000 -0.000000 0.000000 0.599548 0.000448 -16.616758 0.997005
0.600000 -0.000000 0.000000 0.599297 0.000697 -16.611624 0.996697
0.600000 -0.000000 0.000000 0.599046 0.000946 -16.606490 0.996389
0.600000 -0.000000 0.000000 0.598795 0.001194 -16.601357 0.996081
0.600000 -0.000000 0.000000 0.597542 0.002437 -16.575701 0.994542
0.600000 -0.000000 0.000000 0.596291 0.003677 -16.550057 0.993003
0.600000 -0.000001 0.000001 0.595042 0.004915 -16.524427 0.991466
0.600000 -0.000001 0.000001 0.593794 0.006152 -16.498810 0.989929
0.600000 -0.000004 0.000004 0.587587 0.012306 -16.370919 0.982255
0.600000 -0.000008 0.000008 0.581427 0.018412 -16.243354 0.974601
0.600000 -0.000015 0.000015 0.575315 0.024471 -16.116117 0.966967
0.600000 -0.000023 0.000023 0.569251 0.030483 -15.989206 0.959352
0.600000 -0.000091 0.000090 0.539635 0.059844 -15.359557 0.921573
0.600000 -0.000202 0.000200 0.511175 0.088060 -14.738091 0.884285
0.600000 -0.000354 0.000351 0.483841 0.115161 -14.124813 0.847489
0.600000 -0.000546 0.000542 0.457608 0.141173 -13.519727 0.811184
0.600000 -0.001500 0.001487 0.374653 0.223457 -11.481561 0.688894
0.600000 -0.002851 0.002827 0.303579 0.294016 -9.542029 0.572522
0.600000 -0.004540 0.004503 0.243385 0.353862 -7.700552 0.462033
0.600000 -0.006514 0.006462 0.193130 0.403940 -5.956270 0.357376
0.600000 -0.009809 0.009735 0.135739 0.461390 -3.579144 0.214749
0.600000 -0.013472 0.013377 0.095175 0.502399 -1.401236 0.084074
0.600000 -0.017386 0.017276 0.069116 0.529289 0.584929 -0.035096
0.600000 -0.021449 0.021331 0.055423 0.544194 2.388020 -0.143281
0.600000 -0.026815 0.026704 0.052930 0.548829 4.476572 -0.268594
0.600000 -0.032136 0.032055 0.064363 0.540145 6.296839 -0.377810
0.600000 -0.037294 0.037273 0.086516 0.521316 7.874042 -0.472442
0.600000 -0.042193 0.042268 0.116631 0.495060 9.231481 -0.553889
0.600000 -0.047558 0.047798 0.159410 0.457488 10.583583 -0.635015
0.600000 -0.052396 0.052865 0.207253 0.415472 11.694891 -0.701693
0.600000 -0.056666 0.057435 0.257921 0.371177 12.596438 -0.755786
0.600000 -0.060341 0.061487 0.309663 0.326286 13.313438 -0.798806
0.600000 -0.063717 0.065380 0.366944 0.277113 13.921056 -0.835263
0.600000 -0.066363 0.068650 0.422807 0.229776 14.356162 -0.861370
0.600000 -0.068306 0.071329 0.476443 0.184998 14.643321 -0.878599
0.600000 -0.069574 0.073449 0.527243 0.143315 14.803211 -0.888193
0.600000 -0.070218 0.075122 0.577354 0.103033 14.854087 -0.891245
0.600000 -0.070204 0.076273 0.623723 0.066631 14.804087 -0.888245
0.600000 -0.069588 0.076957 0.666299 0.034094 14.671152 -0.880269
0.600000 -0.068418 0.077224 0.705053 0.005396 14.471046 -0.868263
0.600000 -0.066902 0.077144 0.737217 -0.017591 14.240973 -0.854458
0.600000 -0.065004 0.076796 0.766379 -0.037634 13.976097 -0.838566
0.600000 -0.062761 0.076216 0.792698 -0.054921 13.684874 -0.821092
0.600000 -0.060206 0.075437 0.816324 -0.069624 13.374714 -0.802483
0.600000 -0.057306 0.074466 0.837864 -0.082175 13.044772 -0.782686
0.600000 -0.054146 0.073349 0.856997 -0.092468 12.707372 -0.762442
0.600000 -0.050758 0.072115 0.873944 -0.100740 12.367182 -0.742031
0.600000 -0.047165 0.070787 0.888912 -0.107203 12.028076 -0.721685
0.600000 -0.042516 0.069061 0.904858 -0.112963 11.618090 -0.697085
0.600000 -0.037634 0.067261 0.918525 -0.116722 11.218124 -0.673087
0.600000 -0.032555 0.065416 0.930277 -0.118848 10.830656 -0.649839
0.600000 -0.027305 0.063548 0.940418 -0.119647 10.457450 -0.627447
0.600000 -0.020708 0.061269 0.950995 -0.119221 10.023210 -0.601393
0.600000 -0.013924 0.059008 0.960055 -0.117691 9.610800 -0.576648
0.600000 -0.006977 0.056783 0.967974 -0.115421 9.218772 -0.553126
0.600000 0.000112 0.054606 0.975036 -0.112688 8.846022 -0.530761
0.600000 0.010164 0.051679 0.983868 -0.108549 8.357961 -0.501478
0.600000 0.020440 0.048863 0.991895 -0.104310 7.897681 -0.473861
0.600000 0.030929 0.046150 0.999338 -0.100158 7.459332 -0.447560
0.600000 0.041610 0.043543 1.006395 -0.096268 7.040587 -0.422435
0.600000 0.050887 0.041397 1.012216 -0.093225 6.696550 -0.401793
0.600000 0.060293 0.039317 1.017817 -0.090401 6.362846 -0.381771
0.600000 0.069825 0.037297 1.023177 -0.087765 6.038320 -0.362299
0.600000 0.079475 0.035336 1.028301 -0.085307 5.722173 -0.343330
0.600000 0.090640 0.033161 1.033865 -0.082702 5.370395 -0.322224
0.600000 0.101944 0.031051 1.039071 -0.080250 5.028193 -0.301692
0.600000 0.113379 0.029003 1.043893 -0.077910 4.695263 -0.281716
0.600000 0.124933 0.027014 1.048327 -0.075666 4.371263 -0.262276
0.600000 0.140287 0.024487 1.053567 -0.072835 3.958468 -0.237508
0.600000 0.155807 0.022054 1.058118 -0.070095 3.560668 -0.213640
0.600000 0.171470 0.019713 1.061989 -0.067426 3.177852 -0.190671
0.600000 0.187253 0.017463 1.065201 -0.064820 2.809551 -0.168573
0.600000 0.210921 0.014273 1.068786 -0.061019 2.287420 -0.137245
0.600000 0.234736 0.011273 1.071051 -0.057345 1.796369 -0.107782
0.600000 0.258631 0.008459 1.072119 -0.053835 1.335670 -0.080140
0.600000 0.282549 0.005821 1.072026 -0.050440 0.903820 -0.054229
0.600000 0.304312 0.003564 1.070971 -0.047417 0.534582 -0.032075
0.600000 0.326007 0.001444 1.069086 -0.044495 0.187887 -0.011273
0.600000 0.347597 -0.000545 1.066426 -0.041672 -0.137172 0.008230
0.600000 0.369048 -0.002405 1.063048 -0.038951 -0.441244 0.026475
0.600000 0.397489 -0.004704 1.057494 -0.035464 -0.816901 0.049014
0.600000 0.425554 -0.006792 1.050865 -0.032153 -1.158033 0.069482
0.600000 0.453178 -0.008680 1.043278 -0.029017 -1.466092 0.087966
0.600000 0.480306 -0.010379 1.034842 -0.026054 -1.743351 0.104601
0.600000 0.509678 -0.012053 1.024602 -0.022933 -2.015884 0.120953
0.600000 0.538323 -0.013521 1.013586 -0.020025 -2.255015 0.135301
0.600000 0.566193 -0.014797 1.001955 -0.017362 -2.463659 0.147820
0.600000 0.593245 -0.015895 0.989718 -0.014842 -2.642658 0.158559
0.600000 0.607452 -0.016416 0.982900 -0.013524 -2.726979 0.163619
0.600000 0.621406 -0.016890 0.975975 -0.012267 -2.803654 0.168219
0.600000 0.635105 -0.017319 0.968948 -0.011063 -2.872968 0.172378
0.600000 0.648543 -0.017705 0.961836 -0.009911 -2.935264 0.176116
0.600000 0.661718 -0.018049 0.954655 -0.008812 -2.990866 0.179452
0.600000 0.674628 -0.018354 0.947409 -0.007760 -3.040000 0.182400
0.600000 0.687271 -0.018620 0.940112 -0.006752 -3.082918 0.184975
0.600000 0.699644 -0.018851 0.932774 -0.005787 -3.119893 0.187194
0.600000 0.716292 -0.019112 0.922588 -0.004522 -3.161674 0.189700
0.600000 0.732421 -0.019311 0.912372 -0.003335 -3.193251 0.191595
0.600000 0.748032 -0.019452 0.902154 -0.002224 -3.215271 0.192916
0.600000 0.763123 -0.019539 0.891956 -0.001185 -3.228346 0.193701
0.600000 0.780470 -0.019575 0.879834 -0.000036 -3.233056 0.193983
0.600000 0.797083 -0.019545 0.867805 0.001018 -3.226835 0.193610
0.600000 0.812971 -0.019453 0.855901 0.001983 -3.210623 0.192637
0.600000 0.828141 -0.019306 0.844151 0.002862 -3.185280 0.191117
0.600000 0.840995 -0.019133 0.833888 0.003570 -3.155867 0.189352
0.600000 0.853301 -0.018923 0.823783 0.004216 -3.120508 0.187230
0.600000 0.865068 -0.018680 0.813850 0.004803 -3.079718 0.184783
0.600000 0.876306 -0.018407 0.804102 0.005334 -3.034028 0.182042
0.600000 0.888487 -0.018063 0.793225 0.005876 -2.976558 0.178593
0.600000 0.900010 -0.017688 0.782618 0.006353 -2.914011 0.174841
0.600000 0.910890 -0.017285 0.772293 0.006769 -2.847046 0.170823
0.600000 0.921147 -0.016859 0.762261 0.007128 -2.776220 0.166573
0.600000 0.935127 -0.016197 0.748078 0.007546 -2.666564 0.159994
0.600000 0.947858 -0.015500 0.734555 0.007872 -2.551215 0.153073
0.600000 0.959401 -0.014779 0.721691 0.008128 -2.431264 0.145876
0.600000 0.969818 -0.014039 0.709546 0.008275 -2.308825 0.138530
0.600000 0.973710 -0.013739 0.704863 0.008300 -2.259255 0.135555
0.600000 0.977435 -0.013437 0.700287 0.008319 -2.209499 0.132570
0.600000 0.980995 -0.013135 0.695822 0.008329 -2.159643 0.129579
0.600000 0.984394 -0.012832 0.691466 0.008331 -2.109723 0.126583
0.600000 0.987638 -0.012530 0.687219 0.008326 -2.059781 0.123587
0.600000 0.990730 -0.012227 0.683083 0.008310 -2.009907 0.120594
0.600000 0.993673 -0.011926 0.679058 0.008286 -1.960165 0.117610
0.600000 0.996472 -0.011626 0.675142 0.008253 -1.910606 0.114636
0.600000 1.000448 -0.011173 0.669415 0.008187 -1.835959 0.110158
0.600000 1.004116 -0.010725 0.663935 0.008103 -1.762015 0.105721
0.600000 1.007490 -0.010282 0.658696 0.008005 -1.688912 0.101335
0.600000 1.010581 -0.009844 0.653696 0.007892 -1.616793 0.097008
0.600000 1.014476 -0.009241 0.647055 0.007716 -1.517302 0.091038
0.600000 1.017875 -0.008652 0.640865 0.007516 -1.420266 0.085216
0.600000 1.020812 -0.008079 0.635119 0.007287 -1.325929 0.079556
0.600000 1.023320 -0.007524 0.629787 0.007047 -1.234558 0.074073
0.600000 1.024624 -0.007202 0.626798 0.006903 -1.181582 0.070895
0.600000 1.025793 -0.006887 0.623948 0.006754 -1.129726 0.067784
0.600000 1.026834 -0.006579 0.621233 0.006604 -1.079035 0.064742
0.600000 1.027753 -0.006278 0.618651 0.006450 -1.029515 0.061771
0.600000 1.028556 -0.005984 0.616200 0.006292 -0.981185 0.058871
0.600000 1.029249 -0.005698 0.613875 0.006131 -0.934074 0.056044
0.600000 1.029838 -0.005419 0.611671 0.005969 -0.888183 0.053291
0.600000 1.030327 -0.005147 0.609586 0.005806 -0.843533 0.050612
0.600000 1.030885 -0.004757 0.606688 0.005563 -0.779277 0.046757
0.600000 1.031252 -0.004383 0.604034 0.005319 -0.717796 0.043068
0.600000 1.031445 -0.004026 0.601614 0.005075 -0.659106 0.039546
0.600000 1.031479 -0.003685 0.599411 0.004832 -0.603162 0.036190
0.600000 1.031404 -0.003429 0.597824 0.004644 -0.561030 0.033662
0.600000 1.031246 -0.003182 0.596361 0.004458 -0.520569 0.031234
0.600000 1.031012 -0.002946 0.595015 0.004275 -0.481752 0.028905
0.600000 1.030708 -0.002720 0.593782 0.004094 -0.444568 0.026674
0.600000 1.030341 -0.002503 0.592658 0.003915 -0.409002 0.024540
0.600000 1.029916 -0.002296 0.591636 0.003740 -0.375018 0.022501
0.600000 1.029438 -0.002098 0.590714 0.003566 -0.342584 0.020555
0.600000 1.028913 -0.001910 0.589884 0.003396 -0.311674 0.018700
0.600000 1.028299 -0.001717 0.589087 0.003218 -0.280028 0.016802
0.600000 1.027642 -0.001535 0.588387 0.003045 -0.250068 0.015004
0.600000 1.026947 -0.001362 0.587777 0.002877 -0.221759 0.013306
0.600000 1.026218 -0.001199 0.587252 0.002715 -0.195038 0.011702
0.600000 1.025441 -0.001042 0.586797 0.002552 -0.169207 0.010152
0.600000 1.024639 -0.000894 0.586422 0.002394 -0.144953 0.008697
0.600000 1.023817 -0.000755 0.586121 0.002241 -0.122203 0.007332
0.600000 1.022978 -0.000625 0.585889 0.002093 -0.100938 0.006056
0.600000 1.022129 -0.000504 0.585721 0.001951 -0.081121 0.004867
0.600000 1.021271 -0.000391 0.585611 0.001815 -0.062676 0.003761
0.600000 1.020409 -0.000287 0.585556 0.001684 -0.045577 0.002735
0.600000 1.019544 -0.000190 0.585551 0.001559 -0.029726 0.001784
0.600000 1.018780 -0.000110 0.585585 0.001453 -0.016683 0.001001
0.600000 1.018019 -0.000036 0.585653 0.001350 -0.004547 0.000273
0.600000 1.017262 0.000033 0.585751 0.001253 0.006734 -0.000404
0.600000 1.016511 0.000097 0.585877 0.001159 0.017173 -0.001030
0.600000 1.015767 0.000156 0.586030 0.001068 0.026794 -0.001608
0.600000 1.015033 0.000210 0.586207 0.000982 0.035647 -0.002139
0.600000 1.014308 0.000260 0.586406 0.000898 0.043760 -0.002626
0.600000 1.013594 0.000305 0.586624 0.000819 0.051172 -0.003070
0.600000 1.012951 0.000343 0.586839 0.000750 0.057378 -0.003443
0.600000 1.012318 0.000378 0.587066 0.000685 0.063049 -0.003783
0.600000 1.011697 0.000409 0.587306 0.000622 0.068208 -0.004092
0.600000 1.011088 0.000438 0.587556 0.000563 0.072880 -0.004373
0.600000 1.010481 0.000464 0.587820 0.000505 0.077155 -0.004629
0.600000 1.009888 0.000488 0.588092 0.000449 0.080971 -0.004858
0.600000 1.009308 0.000509 0.588372 0.000397 0.084353 -0.005061
0.600000 1.008742 0.000527 0.588658 0.000347 0.087322 -0.005239
0.600000 1.008063 0.000546 0.589018 0.000289 0.090446 -0.005427
0.600000 1.007407 0.000562 0.589384 0.000235 0.093015 -0.005581
0.600000 1.006773 0.000575 0.589754 0.000185 0.095061 -0.005704
0.600000 1.006161 0.000585 0.590127 0.000139 0.096628 -0.005798
0.600000 1.005355 0.000594 0.590644 0.000079 0.098048 -0.005883
0.600000 1.004591 0.000598 0.591159 0.000027 0.098717 -0.005923
0.600000 1.003871 0.000599 0.591669 -0.000019 0.098744 -0.005925
0.600000 1.003193 0.000595 0.592173 -0.000060 0.098154 -0.005889
0.600000 1.002882 0.000593 0.592414 -0.000079 0.097658 -0.005859
0.600000 1.002580 0.000589 0.592651 -0.000096 0.097047 -0.005823
0.600000 1.002289 0.000585 0.592886 -0.000112 0.096327 -0.005780
0.600000 1.002006 0.000580 0.593119 -0.000127 0.095507 -0.005730
0.600000 1.001733 0.000575 0.593348 -0.000141 0.094598 -0.005676
0.600000 1.001469 0.000569 0.593574 -0.000154 0.093603 -0.005616
0.600000 1.001214 0.000562 0.593796 -0.000165 0.092526 -0.005552
0.600000 1.000968 0.000555 0.594015 -0.000176 0.091374 -0.005482
0.600000 1.000631 0.000545 0.594323 -0.000191 0.089605 -0.005376
0.600000 1.000312 0.000533 0.594624 -0.000203 0.087711 -0.005263
0.600000 1.000010 0.000521 0.594916 -0.000214 0.085709 -0.005143
0.600000 0.999724 0.000509 0.595200 -0.000223 0.083610 -0.005017
0.600000 0.999422 0.000494 0.595510 -0.000232 0.081152 -0.004869
0.600000 0.999140 0.000478 0.595809 -0.000240 0.078607 -0.004716
0.600000 0.998877 0.000463 0.596098 -0.000245 0.075992 -0.004560
0.600000 0.998632 0.000446 0.596375 -0.000250 0.073326 -0.004400
0.600000 0.998405 0.000430 0.596642 -0.000253 0.070622 -0.004237
0.600000 0.998195 0.000414 0.596897 -0.000255 0.067895 -0.004074
0.600000 0.998001 0.000397 0.597141 -0.000255 0.065158 -0.003910
0.600000 0.997823 0.000380 0.597374 -0.000254 0.062422 -0.003745
0.600000 0.997661 0.000364 0.597594 -0.000253 0.059710 -0.003583
0.600000 0.997512 0.000348 0.597804 -0.000250 0.057018 -0.003421
0.600000 0.997377 0.000332 0.598005 -0.000249 0.054355 -0.003261
0.600000 0.997254 0.000316 0.598195 -0.000246 0.051722 -0.003103
0.600000 0.997162 0.000303 0.598344 -0.000243 0.049587 -0.002975
0.600000 0.997078 0.000290 0.598485 -0.000239 0.047484 -0.002849
0.600000 0.997001 0.000277 0.598620 -0.000234 0.045410 -0.002725
0.600000 0.996931 0.000265 0.598748 -0.000229 0.043376 -0.002603
0.600000 0.996874 0.000254 0.598857 -0.000225 0.041597 -0.002496
0.600000 0.996823 0.000244 0.598962 -0.000221 0.039850 -0.002391
0.600000 0.996776 0.000233 0.599062 -0.000217 0.038139 -0.002288
0.600000 0.996733 0.000223 0.599158 -0.000213 0.036462 -0.002188
0.600000 0.996689 0.000211 0.599266 -0.000207 0.034506 -0.002070
0.600000 0.996650 0.000199 0.599367 -0.000201 0.032604 -0.001956
0.600000 0.996617 0.000188 0.599463 -0.000195 0.030753 -0.001845
0.600000 0.996589 0.000177 0.599552 -0.000189 0.028958 -0.001737
0.600000 0.996565 0.000166 0.599643 -0.000183 0.027085 -0.001625
0.600000 0.996545 0.000155 0.599727 -0.000176 0.025279 -0.001517
0.600000 0.996531 0.000144 0.599804 -0.000169 0.023544 -0.001413
0.600000 0.996521 0.000134 0.599876 -0.000163 0.021875 -0.001313
0.600000 0.996516 0.000124 0.599942 -0.000156 0.020272 -0.001216
0.600000 0.996514 0.000115 0.600003 -0.000149 0.018734 -0.001124
0.600000 0.996516 0.000106 0.600060 -0.000143 0.017261 -0.001036
0.600000 0.996521 0.000098 0.600111 -0.000137 0.015853 -0.000951
0.600000 0.996526 0.000093 0.600140 -0.000133 0.015012 -0.000901
0.600000 0.996532 0.000088 0.600168 -0.000129 0.014197 -0.000852
0.600000 0.996539 0.000083 0.600193 -0.000125 0.013407 -0.000804
0.600000 0.996547 0.000078 0.600218 -0.000121 0.012641 -0.000758
