0.780000 0.000000 0.000000 0.780000 0.000000 -21.613800 1.296828
0.780000 -0.000000 0.000000 0.779950 0.000050 -21.612773 1.296766
0.780000 -0.000000 0.000000 0.779900 0.000100 -21.611746 1.296705
0.780000 -0.000000 0.000000 0.779849 0.000149 -21.610719 1.296643
0.780000 -0.000000 0.000000 0.779799 0.000199 -21.609692 1.296582
0.780000 -0.000000 0.000000 0.779548 0.000448 -21.604557 1.296273
0.780000 -0.000000 0.000000 0.779297 0.000697 -21.599423 1.295965
0.780000 -0.000000 0.000000 0.779046 0.000946 -21.594289 1.295657
0.780000 -0.000000 0.000000 0.778795 0.001195 -21.589156 1.295349
0.780000 -0.000000 0.000000 0.777541 0.002438 -21.563495 1.293810
0.780000 -0.000000 0.000000 0.776289 0.003679 -21.537844 1.292271
0.780000 -0.000000 0.000000 0.775038 0.004919 -21.512203 1.290732
0.780000 -0.000001 0.000001 0.773789 0.006157 -21.486573 1.289194
0.780000 -0.000003 0.000003 0.767565 0.012328 -21.358569 1.281514
0.780000 -0.000006 0.000006 0.761377 0.018462 -21.230817 1.273849
0.780000 -0.000011 0.000011 0.755227 0.024559 -21.103316 1.266199
0.780000 -0.000018 0.000018 0.749114 0.030619 -20.976067 1.258564
0.780000 -0.000070 0.000070 0.719092 0.060381 -20.343591 1.220615
0.780000 -0.000157 0.000155 0.689970 0.089254 -19.717406 1.183044
0.780000 -0.000276 0.000273 0.661729 0.117252 -19.097517 1.145851
0.780000 -0.000426 0.000423 0.634353 0.144395 -18.483929 1.109036
0.780000 -0.001409 0.001397 0.526546 0.251308 -15.927984 0.955679
0.780000 -0.002883 0.002858 0.433106 0.344034 -13.487653 0.809259
0.780000 -0.004781 0.004741 0.352900 0.423714 -11.162687 0.669761
0.780000 -0.007042 0.006985 0.284867 0.491420 -8.952615 0.537157
0.780000 -0.010945 0.010860 0.204174 0.572005 -5.880781 0.352847
0.780000 -0.015355 0.015243 0.145111 0.631421 -3.055364 0.183322
0.780000 -0.020125 0.019991 0.104872 0.672478 -0.468785 0.028127
0.780000 -0.025127 0.024978 0.080837 0.697798 1.888665 -0.113320
0.780000 -0.031926 0.031775 0.069825 0.711223 4.680600 -0.280836
0.780000 -0.038738 0.038611 0.078034 0.706204 7.123597 -0.427416
0.780000 -0.045401 0.045333 0.101121 0.687045 9.251721 -0.555103
0.780000 -0.051785 0.051818 0.135336 0.657456 11.096802 -0.665808
0.780000 -0.058791 0.059003 0.185481 0.613566 12.941685 -0.776501
0.780000 -0.065188 0.065655 0.242825 0.563282 14.485095 -0.869106
0.780000 -0.070918 0.071723 0.304416 0.509470 15.766483 -0.945989
0.780000 -0.075939 0.077174 0.368000 0.454303 16.816610 -1.008997
0.780000 -0.080778 0.082624 0.440920 0.391665 17.765190 -1.065911
0.780000 -0.084684 0.087278 0.512720 0.330751 18.482271 -1.108936
0.780000 -0.087682 0.091168 0.582295 0.272556 18.997607 -1.139856
0.780000 -0.089803 0.094329 0.648842 0.217783 19.335601 -1.160136
0.780000 -0.091182 0.097061 0.719292 0.160905 19.530161 -1.171810
0.780000 -0.091578 0.099006 0.784945 0.109084 19.557932 -1.173476
0.780000 -0.091063 0.100244 0.845626 0.062385 19.445369 -1.166722
0.780000 -0.089708 0.100843 0.901198 0.020852 19.216068 -1.152964
0.780000 -0.087817 0.100894 0.947017 -0.012292 18.926328 -1.135580
0.780000 -0.085352 0.100537 0.988771 -0.041444 18.574140 -1.114448
0.780000 -0.082369 0.099826 1.026603 -0.066792 18.173174 -1.090390
0.780000 -0.078916 0.098807 1.060650 -0.088510 17.735705 -1.064142
0.780000 -0.075049 0.097528 1.091006 -0.106754 17.273864 -1.036432
0.780000 -0.070809 0.096032 1.118011 -0.121859 16.796114 -1.007767
0.780000 -0.066237 0.094358 1.141917 -0.134096 16.310544 -0.978633
0.780000 -0.061372 0.092543 1.162962 -0.143719 15.823999 -0.949440
0.780000 -0.055224 0.090231 1.184694 -0.152145 15.249240 -0.914954
0.780000 -0.048762 0.087810 1.203184 -0.157708 14.688047 -0.881283
0.780000 -0.042036 0.085323 1.218899 -0.160883 14.145282 -0.848717
0.780000 -0.035083 0.082802 1.232245 -0.162075 13.624359 -0.817462
0.780000 -0.026738 0.079859 1.245314 -0.161466 13.047332 -0.782840
0.780000 -0.018175 0.076941 1.256286 -0.159273 12.502496 -0.750150
0.780000 -0.009427 0.074073 1.265668 -0.155988 11.988375 -0.719303
0.780000 -0.000520 0.071272 1.273855 -0.151994 11.503392 -0.690204
0.780000 0.012926 0.067272 1.284519 -0.145474 10.834531 -0.650072
0.780000 0.026644 0.063450 1.294045 -0.138792 10.212963 -0.612778
0.780000 0.040623 0.059790 1.302863 -0.132321 9.627354 -0.577641
0.780000 0.054835 0.056297 1.311309 -0.126363 9.073032 -0.544382
0.780000 0.066769 0.053528 1.318163 -0.121933 8.634891 -0.518093
0.780000 0.078854 0.050854 1.324858 -0.117902 8.210933 -0.492656
0.780000 0.091089 0.048263 1.331354 -0.114212 7.799095 -0.467946
0.780000 0.103466 0.045751 1.337647 -0.110842 7.397971 -0.443878
0.780000 0.117148 0.043089 1.344274 -0.107491 6.970648 -0.418239
0.780000 0.130988 0.040506 1.350559 -0.104386 6.554063 -0.393244
0.780000 0.144977 0.037996 1.356452 -0.101463 6.147804 -0.368868
0.780000 0.159104 0.035555 1.361936 -0.098686 5.751440 -0.345086
0.780000 0.177971 0.032430 1.368530 -0.095192 5.242220 -0.314533
0.780000 0.197036 0.029416 1.374340 -0.091827 4.749984 -0.284999
0.780000 0.216276 0.026510 1.379361 -0.088554 4.274929 -0.256496
0.780000 0.235664 0.023708 1.383606 -0.085356 3.816548 -0.228993
0.780000 0.262457 0.020027 1.388178 -0.081042 3.214200 -0.192852
0.780000 0.289421 0.016536 1.391403 -0.076844 2.642697 -0.158562
0.780000 0.316496 0.013230 1.393392 -0.072799 2.101576 -0.126095
0.780000 0.343632 0.010102 1.394176 -0.068862 1.589564 -0.095374
0.780000 0.369363 0.007294 1.393840 -0.065197 1.130214 -0.067813
0.780000 0.395059 0.004637 1.392555 -0.061639 0.695729 -0.041744
0.780000 0.420683 0.002127 1.390383 -0.058193 0.285270 -0.017116
0.780000 0.446199 -0.000241 1.387376 -0.054855 -0.101869 0.006112
0.780000 0.481719 -0.003331 1.381846 -0.050344 -0.606875 0.036412
0.780000 0.516873 -0.006162 1.374926 -0.046046 -1.069416 0.064165
0.780000 0.551581 -0.008744 1.366757 -0.041967 -1.491214 0.089473
0.780000 0.585775 -0.011093 1.357456 -0.038092 -1.874761 0.112486
0.780000 0.619393 -0.013221 1.347115 -0.034388 -2.222009 0.133321
0.780000 0.652378 -0.015137 1.335875 -0.030880 -2.534586 0.152075
0.780000 0.684678 -0.016853 1.323859 -0.027579 -2.814586 0.168875
0.780000 0.716250 -0.018379 1.311138 -0.024450 -3.063446 0.183807
0.780000 0.743189 -0.019566 1.299525 -0.021851 -3.256443 0.195387
0.780000 0.769522 -0.020622 1.287516 -0.019386 -3.428157 0.205689
0.780000 0.795231 -0.021556 1.275157 -0.017041 -3.579615 0.214777
0.780000 0.820299 -0.022372 1.262514 -0.014825 -3.711986 0.222719
0.780000 0.844712 -0.023079 1.249641 -0.012739 -3.826395 0.229584
0.780000 0.868460 -0.023682 1.236576 -0.010769 -3.923752 0.235425
0.780000 0.891534 -0.024186 1.223371 -0.008921 -4.005017 0.240301
0.780000 0.913927 -0.024598 1.210058 -0.007179 -4.071156 0.244269
0.780000 0.935212 -0.024917 1.196937 -0.005570 -4.122161 0.247330
0.780000 0.955836 -0.025159 1.183785 -0.004059 -4.160322 0.249619
0.780000 0.975800 -0.025327 1.170634 -0.002642 -4.186478 0.251189
0.780000 0.995104 -0.025426 1.157513 -0.001318 -4.201361 0.252082
0.780000 1.013790 -0.025461 1.144425 -0.000082 -4.205708 0.252342
0.780000 1.031820 -0.025436 1.131422 0.001068 -4.200227 0.252014
0.780000 1.049196 -0.025355 1.118526 0.002136 -4.185597 0.251136
0.780000 1.065927 -0.025222 1.105760 0.003124 -4.162507 0.249750
0.780000 1.088210 -0.024958 1.088196 0.004379 -4.117330 0.247040
0.780000 1.109270 -0.024610 1.070972 0.005493 -4.058581 0.243515
0.780000 1.129132 -0.024188 1.054134 0.006474 -3.987863 0.239272
0.780000 1.147825 -0.023702 1.037712 0.007335 -3.906562 0.234394
0.780000 1.161794 -0.023278 1.025047 0.007935 -3.835689 0.230141
0.780000 1.175068 -0.022821 1.012676 0.008467 -3.759696 0.225582
0.780000 1.187662 -0.022337 1.000608 0.008939 -3.679157 0.220749
0.780000 1.199595 -0.021829 0.988858 0.009349 -3.594673 0.215680
0.780000 1.210884 -0.021300 0.977433 0.009700 -3.506812 0.210409
0.780000 1.221547 -0.020752 0.966338 0.009998 -3.416038 0.204962
0.780000 1.231602 -0.020190 0.955584 0.010241 -3.322818 0.199369
0.780000 1.241069 -0.019614 0.945168 0.010439 -3.227612 0.193657
0.780000 1.250282 -0.019008 0.934729 0.010600 -3.127249 0.187635
0.780000 1.258904 -0.018394 0.924659 0.010718 -3.025614 0.181537
0.780000 1.266957 -0.017774 0.914956 0.010797 -2.923129 0.175388
0.780000 1.274461 -0.017151 0.905623 0.010838 -2.820128 0.169208
0.780000 1.282133 -0.016461 0.895749 0.010842 -2.706299 0.162378
0.780000 1.289191 -0.015773 0.886320 0.010807 -2.592672 0.155560
0.780000 1.295664 -0.015088 0.877334 0.010732 -2.479559 0.148774
0.780000 1.301578 -0.014408 0.868781 0.010624 -2.367456 0.142047
0.780000 1.306960 -0.013737 0.860654 0.010492 -2.256681 0.135401
0.780000 1.311839 -0.013075 0.852945 0.010333 -2.147512 0.128851
0.780000 1.316241 -0.012424 0.845648 0.010149 -2.040358 0.122421
0.780000 1.320192 -0.011786 0.838746 0.009949 -1.935181 0.116111
0.780000 1.323103 -0.011273 0.833394 0.009772 -1.850760 0.111046
0.780000 1.325743 -0.010771 0.828297 0.009583 -1.767926 0.106076
0.780000 1.328125 -0.010278 0.823445 0.009388 -1.686685 0.101201
0.780000 1.330261 -0.009795 0.818838 0.009183 -1.607221 0.096433
0.780000 1.332164 -0.009324 0.814469 0.008967 -1.529655 0.091779
0.780000 1.333846 -0.008864 0.810330 0.008746 -1.453968 0.087238
0.780000 1.335319 -0.008416 0.806418 0.008516 -1.380223 0.082813
0.780000 1.336594 -0.007979 0.802720 0.008283 -1.308439 0.078506
0.780000 1.337698 -0.007549 0.799178 0.008046 -1.237575 0.074254
0.780000 1.338620 -0.007130 0.795845 0.007807 -1.168785 0.070127
0.780000 1.339373 -0.006725 0.792713 0.007569 -1.102100 0.066126
0.780000 1.339965 -0.006332 0.789776 0.007328 -1.037517 0.062251
0.780000 1.340425 -0.005934 0.786901 0.007073 -0.972054 0.058323
0.780000 1.340732 -0.005550 0.784225 0.006818 -0.908921 0.054535
0.780000 1.340896 -0.005180 0.781743 0.006561 -0.848093 0.050886
0.780000 1.340928 -0.004824 0.779445 0.006307 -0.789592 0.047376
0.780000 1.340826 -0.004455 0.777156 0.006036 -0.728918 0.043735
0.780000 1.340592 -0.004102 0.775064 0.005768 -0.670910 0.040255
0.780000 1.340239 -0.003765 0.773158 0.005504 -0.615569 0.036934
0.780000 1.339777 -0.003443 0.771429 0.005246 -0.562796 0.033768
0.780000 1.339144 -0.003102 0.769694 0.004959 -0.506728 0.030404
0.780000 1.338401 -0.002779 0.768158 0.004680 -0.453745 0.027225
0.780000 1.337561 -0.002474 0.766805 0.004411 -0.403680 0.024221
0.780000 1.336637 -0.002188 0.765632 0.004146 -0.356614 0.021397
0.780000 1.336006 -0.002013 0.764968 0.003978 -0.328045 0.019683
0.780000 1.335347 -0.001846 0.764368 0.003815 -0.300631 0.018038
0.780000 1.334664 -0.001686 0.763829 0.003655 -0.274361 0.016462
0.780000 1.333960 -0.001532 0.763349 0.003499 -0.249195 0.014952
0.780000 1.333236 -0.001385 0.762924 0.003348 -0.225094 0.013506
0.780000 1.332494 -0.001245 0.762552 0.003199 -0.202053 0.012123
0.780000 1.331738 -0.001110 0.762231 0.003055 -0.180048 0.010803
0.780000 1.330970 -0.000982 0.761959 0.002914 -0.159054 0.009543
0.780000 1.329930 -0.000821 0.761668 0.002731 -0.132637 0.007958
0.780000 1.328876 -0.000670 0.761453 0.002555 -0.107906 0.006474
0.780000 1.327812 -0.000529 0.761308 0.002385 -0.084796 0.005088
0.780000 1.326741 -0.000397 0.761229 0.002221 -0.063253 0.003795
0.780000 1.325254 -0.000230 0.761219 0.002006 -0.035856 0.002151
0.780000 1.323770 -0.000079 0.761312 0.001801 -0.011206 0.000672
0.780000 1.322297 0.000055 0.761499 0.001609 0.010821 -0.000649
0.780000 1.320842 0.000176 0.761766 0.001429 0.030445 -0.001827
0.780000 1.320087 0.000233 0.761935 0.001339 0.039855 -0.002391
0.780000 1.319340 0.000287 0.762122 0.001253 0.048658 -0.002919
0.780000 1.318601 0.000337 0.762326 0.001169 0.056881 -0.003413
0.780000 1.317871 0.000384 0.762546 0.001088 0.064539 -0.003872
0.780000 1.317150 0.000428 0.762781 0.001010 0.071649 -0.004299
0.780000 1.316439 0.000468 0.763029 0.000935 0.078237 -0.004694
0.780000 1.315739 0.000506 0.763289 0.000863 0.084324 -0.005059
0.780000 1.315050 0.000540 0.763560 0.000793 0.089928 -0.005396
0.780000 1.314137 0.000582 0.763941 0.000704 0.096772 -0.005806
0.780000 1.313246 0.000619 0.764338 0.000620 0.102816 -0.006169
0.780000 1.312377 0.000652 0.764748 0.000540 0.108104 -0.006486
0.780000 1.311532 0.000680 0.765169 0.000466 0.112681 -0.006761
0.780000 1.310288 0.000715 0.765830 0.000359 0.118386 -0.007103
0.780000 1.309101 0.000742 0.766505 0.000263 0.122681 -0.007361
0.780000 1.307972 0.000761 0.767187 0.000178 0.125716 -0.007543
0.780000 1.306902 0.000773 0.767874 0.000100 0.127590 -0.007655
0.780000 1.306379 0.000776 0.768224 0.000063 0.128131 -0.007688
0.780000 1.305872 0.000778 0.768572 0.000029 0.128419 -0.007705
0.780000 1.305381 0.000779 0.768919 -0.000004 0.128469 -0.007708
0.780000 1.304904 0.000778 0.769264 -0.000034 0.128296 -0.007698
0.780000 1.304442 0.000776 0.769606 -0.000062 0.127918 -0.007675
0.780000 1.303996 0.000773 0.769945 -0.000089 0.127344 -0.007641
0.780000 1.303564 0.000768 0.770281 -0.000113 0.126587 -0.007595
0.780000 1.303146 0.000763 0.770613 -0.000136 0.125659 -0.007540
0.780000 1.302580 0.000753 0.771076 -0.000166 0.124076 -0.007445
0.780000 1.302043 0.000742 0.771530 -0.000193 0.122208 -0.007332
0.780000 1.301533 0.000730 0.771975 -0.000217 0.120086 -0.007205
0.780000 1.301050 0.000716 0.772409 -0.000238 0.117736 -0.007064
0.780000 1.300422 0.000694 0.772995 -0.000263 0.114146 -0.006849
0.780000 1.299842 0.000670 0.773559 -0.000284 0.110225 -0.006613
0.780000 1.299311 0.000645 0.774099 -0.000301 0.106017 -0.006361
0.780000 1.298825 0.000618 0.774615 -0.000313 0.101621 -0.006097
0.780000 1.298592 0.000605 0.774869 -0.000318 0.099319 -0.005959
0.780000 1.298371 0.000590 0.775117 -0.000322 0.096983 -0.005819
0.780000 1.298161 0.000576 0.775358 -0.000325 0.094624 -0.005677
0.780000 1.297961 0.000562 0.775593 -0.000328 0.092241 -0.005534
0.780000 1.297771 0.000547 0.775821 -0.000330 0.089838 -0.005390
0.780000 1.297592 0.000533 0.776043 -0.000331 0.087424 -0.005245
0.780000 1.297422 0.000518 0.776258 -0.000332 0.085004 -0.005100
0.780000 1.297261 0.000503 0.776466 -0.000332 0.082584 -0.004955
0.780000 1.297057 0.000483 0.776738 -0.000331 0.079305 -0.004758
0.780000 1.296869 0.000464 0.776998 -0.000329 0.076041 -0.004562
0.780000 1.296697 0.000444 0.777247 -0.000326 0.072802 -0.004368
0.780000 1.296539 0.000425 0.777484 -0.000322 0.069597 -0.004176
0.780000 1.296357 0.000400 0.777770 -0.000316 0.065547 -0.003933
0.780000 1.296196 0.000376 0.778038 -0.000309 0.061583 -0.003695
0.780000 1.296055 0.000353 0.778289 -0.000302 0.057727 -0.003464
0.780000 1.295932 0.000330 0.778523 -0.000294 0.053967 -0.003238
0.780000 1.295825 0.000307 0.778744 -0.000283 0.050274 -0.003016
0.780000 1.295734 0.000285 0.778949 -0.000274 0.046669 -0.002800
0.780000 1.295659 0.000264 0.779142 -0.000266 0.043081 -0.002585
0.780000 1.295598 0.000243 0.779315 -0.000255 0.039670 -0.002380
0.780000 1.295577 0.000235 0.779383 -0.000249 0.038304 -0.002298
0.780000 1.295557 0.000226 0.779449 -0.000243 0.036959 -0.002218
0.780000 1.295539 0.000218 0.779513 -0.000238 0.035638 -0.002138
0.780000 1.295524 0.000210 0.779575 -0.000233 0.034338 -0.002060
0.780000 1.295511 0.000203 0.779635 -0.000229 0.033058 -0.001983
0.780000 1.295499 0.000195 0.779692 -0.000224 0.031801 -0.001908
0.780000 1.295490 0.000187 0.779747 -0.000220 0.030570 -0.001834
0.780000 1.295482 0.000180 0.779799 -0.000215 0.029364 -0.001762
0.780000 1.295474 0.000170 0.779873 -0.000208 0.027634 -0.001658
0.780000 1.295470 0.000159 0.779941 -0.000201 0.025960 -0.001558
0.780000 1.295468 0.000150 0.780005 -0.000195 0.024343 -0.001461
0.780000 1.295470 0.000140 0.780065 -0.000188 0.022783 -0.001367
0.780000 1.295476 0.000130 0.780128 -0.000180 0.021066 -0.001264
0.780000 1.295484 0.000120 0.780185 -0.000172 0.019422 -0.001165
0.780000 1.295497 0.000110 0.780238 -0.000164 0.017849 -0.001071
0.780000 1.295511 0.000101 0.780286 -0.000157 0.016348 -0.000981
