0.320000 0.000000 0.000000 0.320000 0.000000 -8.867200 0.532032
0.320000 -0.000000 0.000000 0.319950 0.000050 -8.866173 0.531970
0.320000 -0.000000 0.000000 0.319900 0.000100 -8.865146 0.531909
0.320000 -0.000000 0.000000 0.319849 0.000149 -8.864119 0.531847
0.320000 -0.000000 0.000000 0.319799 0.000199 -8.863092 0.531786
0.320000 -0.000000 0.000000 0.319548 0.000448 -8.857958 0.531478
0.320000 -0.000000 0.000000 0.319297 0.000697 -8.852826 0.531170
0.320000 -0.000000 0.000000 0.319047 0.000945 -8.847694 0.530862
0.320000 -0.000000 0.000000 0.318796 0.001194 -8.842563 0.530554
0.320000 -0.000000 0.000000 0.317545 0.002433 -8.816923 0.529015
0.320000 -0.000001 0.000001 0.316298 0.003670 -8.791307 0.527478
0.320000 -0.000001 0.000001 0.315055 0.004902 -8.765717 0.525943
0.320000 -0.000002 0.000002 0.313815 0.006131 -8.740150 0.524409
0.320000 -0.000007 0.000007 0.307670 0.012223 -8.612686 0.516761
0.320000 -0.000015 0.000015 0.301614 0.018227 -8.485834 0.509150
0.320000 -0.000027 0.000027 0.295647 0.024142 -8.359595 0.501576
0.320000 -0.000043 0.000042 0.289768 0.029971 -8.233970 0.494038
0.320000 -0.000166 0.000165 0.261658 0.057841 -7.615050 0.456903
0.320000 -0.000366 0.000362 0.235623 0.083657 -7.011484 0.420689
0.320000 -0.000635 0.000629 0.211569 0.107515 -6.423263 0.385396
0.320000 -0.000968 0.000960 0.189405 0.129508 -5.850359 0.351022
0.320000 -0.001855 0.001840 0.148600 0.170034 -4.696167 0.281770
0.320000 -0.002960 0.002936 0.114984 0.203486 -3.608643 0.216519
0.320000 -0.004242 0.004209 0.087842 0.230584 -2.586701 0.155202
0.320000 -0.005666 0.005624 0.066506 0.251998 -1.629026 0.097742
0.320000 -0.007881 0.007827 0.044888 0.273943 -0.369694 0.022182
0.320000 -0.010238 0.010177 0.032232 0.287178 0.767572 -0.046054
0.320000 -0.012670 0.012607 0.027087 0.293150 1.789216 -0.107353
0.320000 -0.015118 0.015062 0.028149 0.293155 2.701858 -0.162111
0.320000 -0.018134 0.018100 0.036487 0.286482 3.701853 -0.222111
0.320000 -0.021030 0.021037 0.050871 0.274104 4.556445 -0.273387
0.320000 -0.023754 0.023825 0.069705 0.257587 5.279941 -0.316796
0.320000 -0.026263 0.026424 0.091638 0.238260 5.885312 -0.353119
0.320000 -0.028918 0.029222 0.120105 0.213213 6.466218 -0.387973
0.320000 -0.031210 0.031702 0.150012 0.187039 6.918792 -0.415128
0.320000 -0.033132 0.033860 0.180316 0.160735 7.261013 -0.435661
0.320000 -0.034680 0.035696 0.210180 0.135094 7.508144 -0.450489
0.320000 -0.035895 0.037264 0.239968 0.109870 7.678258 -0.460695
0.320000 -0.036737 0.038519 0.268257 0.086297 7.775545 -0.466533
0.320000 -0.037230 0.039486 0.294792 0.064592 7.812347 -0.468741
0.320000 -0.037396 0.040188 0.319381 0.044913 7.799241 -0.467954
0.320000 -0.037266 0.040636 0.341191 0.027894 7.747876 -0.464873
0.320000 -0.036877 0.040886 0.361131 0.012766 7.666013 -0.459961
0.320000 -0.036254 0.040960 0.379259 -0.000548 7.559998 -0.453600
0.320000 -0.035417 0.040881 0.395634 -0.012127 7.435305 -0.446118
0.320000 -0.034446 0.040681 0.409599 -0.021580 7.304275 -0.438257
0.320000 -0.033319 0.040379 0.422182 -0.029692 7.163987 -0.429839
0.320000 -0.032053 0.039989 0.433492 -0.036580 7.017215 -0.421033
0.320000 -0.030661 0.039526 0.443631 -0.042353 6.866328 -0.411980
0.320000 -0.028932 0.038920 0.453916 -0.047725 6.691256 -0.401475
0.320000 -0.027073 0.038250 0.462967 -0.051954 6.515526 -0.390932
0.320000 -0.025101 0.037530 0.470940 -0.055199 6.340817 -0.380449
0.320000 -0.023028 0.036773 0.477967 -0.057599 6.168491 -0.370109
0.320000 -0.020296 0.035783 0.485651 -0.059608 5.956712 -0.357403
0.320000 -0.017444 0.034767 0.492273 -0.060722 5.751207 -0.345072
0.320000 -0.014488 0.033738 0.498040 -0.061145 5.552424 -0.333145
0.320000 -0.011440 0.032706 0.503111 -0.061038 5.360734 -0.321644
0.320000 -0.007109 0.031295 0.509211 -0.060269 5.108331 -0.306500
0.320000 -0.002644 0.029908 0.514541 -0.059035 4.868136 -0.292088
0.320000 0.001939 0.028550 0.519313 -0.057538 4.638538 -0.278312
0.320000 0.006629 0.027229 0.523674 -0.055919 4.418941 -0.265136
0.320000 0.011766 0.025857 0.528021 -0.054164 4.193709 -0.251623
0.320000 0.017008 0.024527 0.532090 -0.052442 3.977178 -0.238631
0.320000 0.022351 0.023238 0.535913 -0.050774 3.768095 -0.226086
0.320000 0.027787 0.021990 0.539532 -0.049193 3.565834 -0.213950
0.320000 0.033174 0.020810 0.542892 -0.047753 3.374556 -0.202473
0.320000 0.038641 0.019664 0.546067 -0.046389 3.188615 -0.191317
0.320000 0.044184 0.018550 0.549050 -0.045086 3.007672 -0.180460
0.320000 0.049797 0.017467 0.551846 -0.043843 2.831472 -0.169888
0.320000 0.056726 0.016187 0.555004 -0.042402 2.622830 -0.157370
0.320000 0.063745 0.014949 0.557874 -0.041016 2.420740 -0.145244
0.320000 0.070844 0.013752 0.560451 -0.039672 2.225081 -0.133505
0.320000 0.078017 0.012594 0.562744 -0.038366 2.035672 -0.122140
0.320000 0.088069 0.011050 0.565466 -0.036610 1.782962 -0.106978
0.320000 0.098223 0.009578 0.567665 -0.034904 1.541868 -0.092512
0.320000 0.108456 0.008175 0.569364 -0.033245 1.312240 -0.078734
0.320000 0.118750 0.006840 0.570588 -0.031631 1.093649 -0.065619
0.320000 0.132203 0.005200 0.571501 -0.029587 0.825183 -0.049511
0.320000 0.145686 0.003667 0.571705 -0.027619 0.574365 -0.034462
0.320000 0.159162 0.002239 0.571262 -0.025736 0.340509 -0.020431
0.320000 0.172597 0.000909 0.570207 -0.023922 0.122983 -0.007379
0.320000 0.187230 -0.000437 0.568404 -0.022013 -0.097248 0.005835
0.320000 0.201738 -0.001675 0.565986 -0.020189 -0.299485 0.017969
0.320000 0.216088 -0.002808 0.563002 -0.018439 -0.484582 0.029075
0.320000 0.230249 -0.003841 0.559519 -0.016776 -0.653298 0.039198
0.320000 0.244400 -0.004794 0.555526 -0.015176 -0.808698 0.048522
0.320000 0.258301 -0.005653 0.551120 -0.013661 -0.948869 0.056932
0.320000 0.271927 -0.006423 0.546360 -0.012239 -1.074508 0.064470
0.320000 0.285260 -0.007111 0.541276 -0.010893 -1.186592 0.071196
0.320000 0.296883 -0.007658 0.536497 -0.009748 -1.275694 0.076542
0.320000 0.308248 -0.008146 0.531524 -0.008662 -1.355086 0.081305
0.320000 0.319344 -0.008579 0.526379 -0.007630 -1.425383 0.085523
0.320000 0.330163 -0.008958 0.521093 -0.006654 -1.486931 0.089216
0.320000 0.340321 -0.009276 0.515889 -0.005768 -1.538380 0.092303
0.320000 0.350210 -0.009550 0.510596 -0.004932 -1.582616 0.094957
0.320000 0.359826 -0.009781 0.505230 -0.004143 -1.619987 0.097199
0.320000 0.369165 -0.009974 0.499812 -0.003401 -1.650961 0.099058
0.320000 0.377813 -0.010124 0.494610 -0.002735 -1.674921 0.100495
0.320000 0.386207 -0.010242 0.489386 -0.002107 -1.693708 0.101622
0.320000 0.394345 -0.010330 0.484155 -0.001518 -1.707645 0.102459
0.320000 0.402228 -0.010390 0.478927 -0.000965 -1.717010 0.103021
0.320000 0.409856 -0.010425 0.473712 -0.000447 -1.722078 0.103325
0.320000 0.417231 -0.010435 0.468522 0.000038 -1.723143 0.103389
0.320000 0.424352 -0.010422 0.463365 0.000491 -1.720473 0.103228
0.320000 0.431224 -0.010387 0.458250 0.000912 -1.714324 0.102859
0.320000 0.437223 -0.010339 0.453669 0.001265 -1.705977 0.102359
0.320000 0.443022 -0.010276 0.449135 0.001595 -1.695166 0.101710
0.320000 0.448622 -0.010199 0.444652 0.001902 -1.682059 0.100924
0.320000 0.454025 -0.010108 0.440226 0.002187 -1.666820 0.100009
0.320000 0.461431 -0.009958 0.433989 0.002559 -1.641568 0.098494
0.320000 0.468448 -0.009785 0.427887 0.002890 -1.612697 0.096762
0.320000 0.475083 -0.009593 0.421931 0.003182 -1.580624 0.094837
0.320000 0.481347 -0.009384 0.416129 0.003437 -1.545734 0.092744
0.320000 0.489600 -0.009062 0.408192 0.003739 -1.492255 0.089535
0.320000 0.497158 -0.008715 0.400593 0.003981 -1.434793 0.086088
0.320000 0.504051 -0.008350 0.393343 0.004169 -1.374165 0.082450
0.320000 0.510310 -0.007970 0.386456 0.004302 -1.311281 0.078677
0.320000 0.513244 -0.007774 0.383115 0.004350 -1.278890 0.076733
0.320000 0.516028 -0.007576 0.379866 0.004388 -1.246181 0.074771
0.320000 0.518667 -0.007377 0.376712 0.004415 -1.213245 0.072795
0.320000 0.521166 -0.007177 0.373651 0.004433 -1.180143 0.070809
0.320000 0.523528 -0.006976 0.370682 0.004442 -1.146933 0.068816
0.320000 0.525758 -0.006774 0.367806 0.004443 -1.113698 0.066822
0.320000 0.527859 -0.006573 0.365022 0.004436 -1.080501 0.064830
0.320000 0.529837 -0.006373 0.362330 0.004420 -1.047400 0.062844
0.320000 0.532332 -0.006102 0.358819 0.004388 -1.002685 0.060161
0.320000 0.534617 -0.005833 0.355473 0.004344 -0.958374 0.057502
0.320000 0.536701 -0.005568 0.352290 0.004288 -0.914573 0.054874
0.320000 0.538594 -0.005306 0.349267 0.004223 -0.871399 0.052284
0.320000 0.540733 -0.004980 0.345660 0.004128 -0.817705 0.049062
0.320000 0.542600 -0.004662 0.342298 0.004021 -0.765349 0.045921
0.320000 0.544215 -0.004353 0.339171 0.003904 -0.714524 0.042871
0.320000 0.545595 -0.004054 0.336270 0.003780 -0.665233 0.039914
0.320000 0.546500 -0.003832 0.334209 0.003680 -0.628785 0.037727
0.320000 0.547286 -0.003617 0.332271 0.003576 -0.593321 0.035599
0.320000 0.547960 -0.003408 0.330449 0.003473 -0.558797 0.033528
0.320000 0.548529 -0.003205 0.328745 0.003365 -0.525353 0.031521
0.320000 0.548908 -0.003049 0.327485 0.003277 -0.499853 0.029991
0.320000 0.549230 -0.002898 0.326290 0.003189 -0.475024 0.028501
0.320000 0.549497 -0.002751 0.325161 0.003099 -0.450887 0.027053
0.320000 0.549713 -0.002609 0.324094 0.003010 -0.427425 0.025645
0.320000 0.549881 -0.002470 0.323087 0.002922 -0.404622 0.024277
0.320000 0.550002 -0.002335 0.322139 0.002834 -0.382500 0.022950
0.320000 0.550081 -0.002205 0.321247 0.002747 -0.361059 0.021664
0.320000 0.550120 -0.002079 0.320411 0.002659 -0.340297 0.020418
0.320000 0.550118 -0.001939 0.319521 0.002560 -0.317401 0.019044
0.320000 0.550070 -0.001805 0.318698 0.002461 -0.295383 0.017723
0.320000 0.549980 -0.001677 0.317939 0.002362 -0.274228 0.016454
0.320000 0.549851 -0.001553 0.317241 0.002265 -0.253933 0.015236
0.320000 0.549645 -0.001409 0.316465 0.002148 -0.230236 0.013814
0.320000 0.549390 -0.001272 0.315771 0.002034 -0.207787 0.012467
0.320000 0.549093 -0.001143 0.315155 0.001922 -0.186572 0.011194
0.320000 0.548759 -0.001021 0.314612 0.001814 -0.166540 0.009992
0.320000 0.548325 -0.000887 0.314066 0.001689 -0.144620 0.008677
0.320000 0.547853 -0.000762 0.313605 0.001569 -0.124201 0.007452
0.320000 0.547349 -0.000647 0.313221 0.001457 -0.105158 0.006309
0.320000 0.546819 -0.000540 0.312915 0.001346 -0.087571 0.005254
0.320000 0.546560 -0.000492 0.312795 0.001293 -0.079754 0.004785
0.320000 0.546296 -0.000446 0.312689 0.001242 -0.072235 0.004334
0.320000 0.546029 -0.000402 0.312597 0.001193 -0.065010 0.003901
0.320000 0.545759 -0.000359 0.312518 0.001145 -0.058069 0.003484
0.320000 0.545487 -0.000318 0.312452 0.001098 -0.051403 0.003084
0.320000 0.545212 -0.000279 0.312398 0.001053 -0.045010 0.002701
0.320000 0.544935 -0.000242 0.312355 0.001008 -0.038886 0.002333
0.320000 0.544657 -0.000206 0.312324 0.000965 -0.033024 0.001981
0.320000 0.544260 -0.000158 0.312298 0.000905 -0.025119 0.001507
0.320000 0.543862 -0.000113 0.312292 0.000847 -0.017716 0.001063
0.320000 0.543464 -0.000070 0.312305 0.000791 -0.010797 0.000648
0.320000 0.543067 -0.000031 0.312335 0.000737 -0.004344 0.000261
0.320000 0.542517 0.000020 0.312404 0.000665 0.003922 -0.000235
0.320000 0.541972 0.000065 0.312501 0.000597 0.011362 -0.000682
0.320000 0.541435 0.000106 0.312623 0.000533 0.018021 -0.001081
0.320000 0.540907 0.000142 0.312767 0.000473 0.023944 -0.001437
0.320000 0.540527 0.000166 0.312884 0.000431 0.027848 -0.001671
0.320000 0.540154 0.000188 0.313011 0.000391 0.031398 -0.001884
0.320000 0.539787 0.000208 0.313146 0.000354 0.034610 -0.002077
0.320000 0.539428 0.000225 0.313288 0.000318 0.037503 -0.002250
0.320000 0.539077 0.000241 0.313436 0.000284 0.040092 -0.002405
0.320000 0.538733 0.000255 0.313590 0.000251 0.042392 -0.002544
0.320000 0.538398 0.000268 0.313749 0.000221 0.044421 -0.002665
0.320000 0.538071 0.000279 0.313912 0.000192 0.046190 -0.002771
0.320000 0.537686 0.000290 0.314115 0.000159 0.048016 -0.002881
0.320000 0.537313 0.000299 0.314321 0.000128 0.049504 -0.002970
0.320000 0.536954 0.000307 0.314531 0.000099 0.050673 -0.003040
0.320000 0.536608 0.000312 0.314741 0.000073 0.051555 -0.003093
0.320000 0.536287 0.000316 0.314946 0.000049 0.052155 -0.003129
0.320000 0.535978 0.000318 0.315151 0.000028 0.052526 -0.003152
0.320000 0.535682 0.000319 0.315354 0.000008 0.052695 -0.003162
0.320000 0.535398 0.000319 0.315556 -0.000010 0.052666 -0.003160
0.320000 0.535127 0.000318 0.315757 -0.000026 0.052456 -0.003147
0.320000 0.534869 0.000316 0.315955 -0.000041 0.052081 -0.003125
0.320000 0.534622 0.000313 0.316151 -0.000057 0.051548 -0.003093
0.320000 0.534388 0.000309 0.316343 -0.000070 0.050881 -0.003053
0.320000 0.534198 0.000305 0.316504 -0.000079 0.050227 -0.003014
0.320000 0.534017 0.000301 0.316661 -0.000087 0.049496 -0.002970
0.320000 0.533843 0.000296 0.316814 -0.000094 0.048696 -0.002922
0.320000 0.533678 0.000291 0.316964 -0.000100 0.047833 -0.002870
0.320000 0.533542 0.000286 0.317092 -0.000106 0.047040 -0.002822
0.320000 0.533411 0.000281 0.317217 -0.000111 0.046207 -0.002772
0.320000 0.533286 0.000276 0.317340 -0.000116 0.045341 -0.002720
0.320000 0.533167 0.000270 0.317460 -0.000120 0.044443 -0.002667
0.320000 0.533042 0.000264 0.317588 -0.000124 0.043425 -0.002605
0.320000 0.532924 0.000258 0.317713 -0.000127 0.042379 -0.002543
0.320000 0.532811 0.000251 0.317834 -0.000129 0.041309 -0.002479
0.320000 0.532705 0.000245 0.317952 -0.000131 0.040220 -0.002413
0.320000 0.532564 0.000235 0.318113 -0.000134 0.038647 -0.002319
0.320000 0.532435 0.000226 0.318267 -0.000135 0.037054 -0.002223
0.320000 0.532316 0.000216 0.318413 -0.000136 0.035457 -0.002127
0.320000 0.532208 0.000206 0.318553 -0.000136 0.033853 -0.002031
0.320000 0.532134 0.000199 0.318650 -0.000136 0.032676 -0.001961
0.320000 0.532066 0.000192 0.318745 -0.000135 0.031502 -0.001890
0.320000 0.532002 0.000185 0.318835 -0.000134 0.030334 -0.001820
0.320000 0.531944 0.000178 0.318922 -0.000133 0.029175 -0.001751
0.320000 0.531889 0.000171 0.319005 -0.000132 0.028031 -0.001682
0.320000 0.531839 0.000164 0.319085 -0.000130 0.026901 -0.001614
0.320000 0.531793 0.000157 0.319161 -0.000128 0.025788 -0.001547
0.320000 0.531751 0.000151 0.319233 -0.000126 0.024691 -0.001481
0.320000 0.531706 0.000143 0.319315 -0.000123 0.023407 -0.001404
0.320000 0.531665 0.000135 0.319393 -0.000120 0.022152 -0.001329
0.320000 0.531630 0.000128 0.319466 -0.000117 0.020930 -0.001256
0.320000 0.531598 0.000121 0.319535 -0.000114 0.019737 -0.001184
0.320000 0.531570 0.000113 0.319602 -0.000111 0.018528 -0.001112
0.320000 0.531546 0.000106 0.319665 -0.000108 0.017353 -0.001041
0.320000 0.531526 0.000099 0.319723 -0.000104 0.016209 -0.000973
0.320000 0.531510 0.000093 0.319777 -0.000099 0.015109 -0.000907
0.320000 0.531498 0.000087 0.319823 -0.000096 0.014135 -0.000848
0.320000 0.531488 0.000081 0.319866 -0.000092 0.013198 -0.000792
0.320000 0.531482 0.000076 0.319906 -0.000089 0.012313 -0.000739
0.320000 0.531477 0.000070 0.319944 -0.000086 0.011455 -0.000687
0.320000 0.531475 0.000066 0.319976 -0.000083 0.010670 -0.000640
0.320000 0.531474 0.000061 0.320006 -0.000080 0.009914 -0.000595
0.320000 0.531475 0.000056 0.320033 -0.000077 0.009174 -0.000550
0.320000 0.531478 0.000052 0.320058 -0.000073 0.008468 -0.000508
0.320000 0.531480 0.000049 0.320074 -0.000071 0.008027 -0.000482
0.320000 0.531483 0.000047 0.320088 -0.000069 0.007598 -0.000456
0.320000 0.531487 0.000044 0.320102 -0.000067 0.007182 -0.000431
0.320000 0.531491 0.000042 0.320115 -0.000065 0.006777 -0.000407
