1.000000 0.000000 0.000000 1.000000 0.000000 -27.710000 1.662600
1.000000 -0.000000 0.000000 0.999950 0.000050 -27.708973 1.662538
1.000000 -0.000000 0.000000 0.999900 0.000100 -27.707946 1.662477
1.000000 -0.000000 0.000000 0.999849 0.000149 -27.706919 1.662415
1.000000 -0.000000 0.000000 0.999799 0.000199 -27.705892 1.662354
1.000000 -0.000000 0.000000 0.999548 0.000448 -27.700757 1.662045
1.000000 -0.000000 0.000000 0.999297 0.000697 -27.695623 1.661737
1.000000 -0.000000 0.000000 0.999046 0.000946 -27.690489 1.661429
1.000000 -0.000000 0.000000 0.998795 0.001195 -27.685355 1.661121
1.000000 -0.000000 0.000000 0.997541 0.002438 -27.659691 1.659581
1.000000 -0.000000 0.000000 0.996288 0.003680 -27.634035 1.658042
1.000000 -0.000000 0.000000 0.995036 0.004921 -27.608386 1.656503
1.000000 -0.000001 0.000001 0.993785 0.006161 -27.582745 1.654965
1.000000 -0.000002 0.000002 0.987548 0.012344 -27.454660 1.647280
1.000000 -0.000005 0.000005 0.981341 0.018498 -27.326770 1.639606
1.000000 -0.000009 0.000009 0.975162 0.024623 -27.199076 1.631945
1.000000 -0.000014 0.000014 0.969012 0.030720 -27.071578 1.624295
1.000000 -0.000055 0.000055 0.938692 0.060779 -26.437029 1.586222
1.000000 -0.000123 0.000122 0.909077 0.090137 -25.807386 1.548443
1.000000 -0.000217 0.000215 0.880159 0.118807 -25.182651 1.510959
1.000000 -0.000336 0.000333 0.851928 0.146796 -24.562828 1.473770
1.000000 -0.001294 0.001283 0.720722 0.276899 -21.537521 1.292251
1.000000 -0.002802 0.002778 0.605241 0.391462 -18.635398 1.118124
1.000000 -0.004791 0.004750 0.504371 0.491611 -15.856635 0.951398
1.000000 -0.007199 0.007139 0.417071 0.578397 -13.201348 0.792081
1.000000 -0.011647 0.011555 0.305798 0.689295 -9.310326 0.558620
1.000000 -0.016773 0.016646 0.221638 0.773616 -5.715802 0.342948
1.000000 -0.022399 0.022242 0.161349 0.834612 -2.411507 0.144690
1.000000 -0.028370 0.028189 0.121848 0.875368 0.612262 -0.036736
1.000000 -0.036812 0.036616 0.096250 0.903553 4.303186 -0.258191
1.000000 -0.045369 0.045187 0.097141 0.906231 7.541161 -0.452470
1.000000 -0.053823 0.053694 0.118626 0.889256 10.372679 -0.622361
1.000000 -0.061998 0.061968 0.155556 0.857728 12.842300 -0.770538
1.000000 -0.070941 0.071096 0.211976 0.808609 15.306128 -0.918368
1.000000 -0.079211 0.079636 0.278285 0.750626 17.403544 -1.044213
1.000000 -0.086728 0.087519 0.350624 0.687536 19.185226 -1.151114
1.000000 -0.093432 0.094696 0.426136 0.622105 20.688830 -1.241330
1.000000 -0.100181 0.102141 0.515475 0.545438 22.129783 -1.327787
1.000000 -0.105794 0.108616 0.604294 0.470143 23.277053 -1.396623
1.000000 -0.110289 0.114151 0.691181 0.397492 24.164363 -1.449862
1.000000 -0.113694 0.118782 0.775172 0.328326 24.818044 -1.489083
1.000000 -0.116419 0.123260 0.872711 0.249473 25.330737 -1.519844
1.000000 -0.117673 0.126562 0.964475 0.176890 25.569819 -1.534189
1.000000 -0.117555 0.128793 1.050113 0.110746 25.571533 -1.534292
1.000000 -0.116157 0.130047 1.129331 0.051180 25.368726 -1.522124
1.000000 -0.113616 0.130420 1.200942 -0.001045 24.999101 -1.499946
1.000000 -0.110028 0.130042 1.266197 -0.047020 24.491693 -1.469502
1.000000 -0.105492 0.129010 1.325182 -0.086929 23.874973 -1.432498
1.000000 -0.100102 0.127414 1.377957 -0.120920 23.175193 -1.390512
1.000000 -0.094467 0.125520 1.421104 -0.147114 22.479493 -1.348770
1.000000 -0.088260 0.123289 1.459361 -0.168767 21.751792 -1.305108
1.000000 -0.081549 0.120785 1.492998 -0.186184 21.007481 -1.260449
1.000000 -0.074396 0.118065 1.522284 -0.199658 20.259812 -1.215589
1.000000 -0.065714 0.114742 1.550917 -0.210673 19.412083 -1.164725
1.000000 -0.056609 0.111275 1.574835 -0.217551 18.587707 -1.115262
1.000000 -0.047153 0.107727 1.594664 -0.220920 17.796062 -1.067764
1.000000 -0.037406 0.104151 1.610967 -0.221343 17.043541 -1.022612
1.000000 -0.026322 0.100202 1.625597 -0.219038 16.259424 -0.975565
1.000000 -0.015002 0.096314 1.637403 -0.214589 15.528070 -0.931684
1.000000 -0.003490 0.092519 1.647090 -0.208679 14.847230 -0.890834
1.000000 0.008181 0.088839 1.655228 -0.201854 14.213877 -0.852833
1.000000 0.024888 0.083868 1.665057 -0.191579 13.392944 -0.803577
1.000000 0.041831 0.079156 1.673784 -0.181335 12.641062 -0.758464
1.000000 0.059003 0.074681 1.682016 -0.171654 11.941399 -0.716484
1.000000 0.076383 0.070438 1.690189 -0.162923 11.284795 -0.677088
1.000000 0.091601 0.066940 1.697405 -0.156276 10.744813 -0.644689
1.000000 0.106978 0.063580 1.704689 -0.150385 10.224207 -0.613452
1.000000 0.122519 0.060338 1.711961 -0.145144 9.719163 -0.583150
1.000000 0.138219 0.057204 1.719189 -0.140500 9.227138 -0.553628
1.000000 0.154713 0.054047 1.726608 -0.136229 8.727256 -0.523635
1.000000 0.171375 0.050984 1.733785 -0.132370 8.238342 -0.494300
1.000000 0.188197 0.048005 1.740628 -0.128811 7.759884 -0.465593
1.000000 0.205171 0.045104 1.747088 -0.125486 7.291378 -0.437483
1.000000 0.228067 0.041342 1.755045 -0.121310 6.680432 -0.400826
1.000000 0.251193 0.037704 1.762147 -0.117319 6.087506 -0.365250
1.000000 0.274519 0.034189 1.768360 -0.113448 5.513317 -0.330799
1.000000 0.298021 0.030790 1.773678 -0.109657 4.957422 -0.297445
1.000000 0.327212 0.026752 1.778997 -0.105030 4.296537 -0.257792
1.000000 0.356577 0.022888 1.783026 -0.100485 3.663874 -0.219832
1.000000 0.386068 0.019196 1.785863 -0.096060 3.059324 -0.183559
1.000000 0.415642 0.015669 1.787528 -0.091717 2.482044 -0.148923
1.000000 0.445088 0.012321 1.788052 -0.087452 1.934429 -0.116066
1.000000 0.474534 0.009131 1.787551 -0.083290 1.412720 -0.084763
1.000000 0.503942 0.006094 1.786089 -0.079240 0.916182 -0.054971
1.000000 0.533279 0.003207 1.783714 -0.075298 0.444152 -0.026649
1.000000 0.575888 -0.000748 1.778691 -0.069717 -0.202183 0.012131
1.000000 0.618176 -0.004405 1.771995 -0.064375 -0.799717 0.047983
1.000000 0.660054 -0.007774 1.763786 -0.059290 -1.350250 0.081015
1.000000 0.701445 -0.010871 1.754176 -0.054430 -1.856376 0.111383
1.000000 0.743149 -0.013770 1.743009 -0.049654 -2.329752 0.139785
1.000000 0.784197 -0.016409 1.730650 -0.045110 -2.760584 0.165635
1.000000 0.824526 -0.018800 1.717246 -0.040811 -3.151014 0.189061
1.000000 0.864080 -0.020957 1.702883 -0.036722 -3.503031 0.210182
1.000000 0.904850 -0.022990 1.686829 -0.032623 -3.834363 0.230062
1.000000 0.944654 -0.024789 1.669969 -0.028753 -4.127330 0.247640
1.000000 0.983448 -0.026368 1.652412 -0.025101 -4.384054 0.263043
1.000000 1.021195 -0.027739 1.634278 -0.021669 -4.606760 0.276406
1.000000 1.053386 -0.028780 1.617993 -0.018836 -4.775624 0.286537
1.000000 1.084732 -0.029679 1.601406 -0.016159 -4.921252 0.295275
1.000000 1.115218 -0.030444 1.584582 -0.013640 -5.044942 0.302696
1.000000 1.144834 -0.031083 1.567570 -0.011266 -5.147964 0.308878
1.000000 1.173572 -0.031604 1.550421 -0.009027 -5.231506 0.313890
1.000000 1.201426 -0.032014 1.533189 -0.006926 -5.296764 0.317806
1.000000 1.228393 -0.032319 1.515920 -0.004956 -5.344918 0.320695
1.000000 1.254473 -0.032526 1.498658 -0.003113 -5.377017 0.322621
1.000000 1.281924 -0.032647 1.479879 -0.001246 -5.394970 0.323698
1.000000 1.308324 -0.032668 1.461205 0.000480 -5.396418 0.323785
1.000000 1.333681 -0.032596 1.442680 0.002073 -5.382607 0.322956
1.000000 1.358003 -0.032438 1.424344 0.003536 -5.354784 0.321287
1.000000 1.390742 -0.032081 1.398738 0.005406 -5.293494 0.317610
1.000000 1.421465 -0.031585 1.373684 0.007040 -5.209535 0.312572
1.000000 1.450220 -0.030967 1.349268 0.008449 -5.105954 0.306357
1.000000 1.477060 -0.030245 1.325539 0.009666 -4.985236 0.299114
1.000000 1.492048 -0.029775 1.311856 0.010302 -4.906766 0.294406
1.000000 1.506400 -0.029276 1.298448 0.010875 -4.823688 0.289421
1.000000 1.520128 -0.028753 1.285318 0.011392 -4.736445 0.284187
1.000000 1.533245 -0.028206 1.272480 0.011851 -4.645514 0.278731
1.000000 1.545766 -0.027639 1.259942 0.012254 -4.551351 0.273081
1.000000 1.557703 -0.027054 1.247704 0.012606 -4.454317 0.267259
1.000000 1.569072 -0.026454 1.235774 0.012909 -4.354779 0.261287
1.000000 1.579888 -0.025840 1.224152 0.013167 -4.253111 0.255187
1.000000 1.592604 -0.025061 1.210115 0.013431 -4.124042 0.247443
1.000000 1.604512 -0.024268 1.196566 0.013633 -3.992797 0.239568
1.000000 1.615641 -0.023465 1.183507 0.013776 -3.859959 0.231598
1.000000 1.626019 -0.022655 1.170940 0.013866 -3.726058 0.223563
1.000000 1.641770 -0.021296 1.151019 0.013916 -3.501657 0.210099
1.000000 1.655636 -0.019938 1.132450 0.013845 -3.277332 0.196640
1.000000 1.667748 -0.018589 1.115217 0.013659 -3.054364 0.183262
1.000000 1.678237 -0.017263 1.099298 0.013369 -2.835671 0.170140
1.000000 1.683732 -0.016493 1.090460 0.013175 -2.708642 0.162519
1.000000 1.688728 -0.015736 1.082056 0.012956 -2.583754 0.155025
1.000000 1.693251 -0.014993 1.074093 0.012701 -2.461914 0.147715
1.000000 1.697323 -0.014265 1.066525 0.012445 -2.342247 0.140535
1.000000 1.699926 -0.013762 1.061438 0.012267 -2.259182 0.135551
1.000000 1.702325 -0.013267 1.056555 0.012074 -2.177473 0.130648
1.000000 1.704530 -0.012780 1.051864 0.011874 -2.097101 0.125826
1.000000 1.706549 -0.012301 1.047363 0.011663 -2.018192 0.121092
1.000000 1.708387 -0.011831 1.043052 0.011443 -1.940844 0.116451
1.000000 1.710055 -0.011370 1.038920 0.011218 -1.864997 0.111900
1.000000 1.711557 -0.010918 1.034964 0.010989 -1.790663 0.107440
1.000000 1.712902 -0.010476 1.031178 0.010757 -1.717874 0.103072
1.000000 1.714360 -0.009941 1.026719 0.010468 -1.629882 0.097793
1.000000 1.715599 -0.009421 1.022509 0.010176 -1.544313 0.092659
1.000000 1.716632 -0.008915 1.018540 0.009880 -1.461202 0.087672
1.000000 1.717472 -0.008425 1.014805 0.009583 -1.380553 0.082833
1.000000 1.718334 -0.007772 1.010013 0.009170 -1.273150 0.076389
1.000000 1.718876 -0.007147 1.005631 0.008758 -1.170478 0.070229
1.000000 1.719127 -0.006551 1.001637 0.008350 -1.072499 0.064350
1.000000 1.719113 -0.005984 0.998016 0.007944 -0.979228 0.058754
1.000000 1.718859 -0.005445 0.994741 0.007547 -0.890611 0.053437
1.000000 1.718389 -0.004933 0.991803 0.007152 -0.806597 0.048396
1.000000 1.717725 -0.004449 0.989192 0.006750 -0.727160 0.043630
1.000000 1.716889 -0.003991 0.986870 0.006362 -0.652166 0.039130
1.000000 1.716305 -0.003726 0.985587 0.006138 -0.608668 0.036520
1.000000 1.715669 -0.003471 0.984403 0.005917 -0.566732 0.034004
1.000000 1.714986 -0.003225 0.983312 0.005700 -0.526342 0.031581
1.000000 1.714258 -0.002989 0.982314 0.005485 -0.487473 0.029248
1.000000 1.713489 -0.002761 0.981405 0.005272 -0.450105 0.027006
1.000000 1.712684 -0.002542 0.980579 0.005063 -0.414210 0.024853
1.000000 1.711845 -0.002332 0.979833 0.004858 -0.379755 0.022785
1.000000 1.710977 -0.002130 0.979163 0.004657 -0.346714 0.020803
1.000000 1.709630 -0.001845 0.978296 0.004366 -0.299896 0.017994
1.000000 1.708233 -0.001578 0.977581 0.004084 -0.256066 0.015364
1.000000 1.706795 -0.001328 0.977008 0.003811 -0.215129 0.012908
1.000000 1.705325 -0.001095 0.976565 0.003549 -0.176969 0.010618
1.000000 1.703932 -0.000892 0.976261 0.003314 -0.143789 0.008627
1.000000 1.702524 -0.000703 0.976055 0.003088 -0.112846 0.006771
1.000000 1.701107 -0.000528 0.975939 0.002871 -0.084050 0.005043
1.000000 1.699685 -0.000364 0.975906 0.002663 -0.057322 0.003439
1.000000 1.698264 -0.000213 0.975951 0.002463 -0.032585 0.001955
1.000000 1.696848 -0.000074 0.976066 0.002272 -0.009748 0.000585
1.000000 1.695440 0.000055 0.976248 0.002087 0.011275 -0.000677
1.000000 1.694045 0.000173 0.976488 0.001911 0.030558 -0.001834
1.000000 1.692742 0.000275 0.976763 0.001753 0.047244 -0.002835
1.000000 1.691456 0.000369 0.977080 0.001603 0.062522 -0.003751
1.000000 1.690189 0.000454 0.977436 0.001461 0.076450 -0.004587
1.000000 1.688942 0.000532 0.977826 0.001326 0.089107 -0.005346
1.000000 1.687824 0.000596 0.978211 0.001208 0.099606 -0.005976
1.000000 1.686726 0.000655 0.978619 0.001095 0.109139 -0.006548
1.000000 1.685649 0.000707 0.979048 0.000987 0.117758 -0.007065
1.000000 1.684595 0.000755 0.979495 0.000884 0.125499 -0.007530
1.000000 1.683526 0.000799 0.979975 0.000783 0.132638 -0.007958
1.000000 1.682484 0.000838 0.980470 0.000688 0.138930 -0.008336
1.000000 1.681467 0.000872 0.980977 0.000598 0.144417 -0.008665
1.000000 1.680478 0.000901 0.981494 0.000513 0.149150 -0.008949
1.000000 1.679372 0.000929 0.982101 0.000421 0.153726 -0.009224
1.000000 1.678303 0.000952 0.982715 0.000335 0.157421 -0.009445
1.000000 1.677272 0.000970 0.983335 0.000256 0.160300 -0.009618
1.000000 1.676278 0.000983 0.983957 0.000183 0.162415 -0.009745
1.000000 1.675323 0.000992 0.984580 0.000115 0.163820 -0.009829
1.000000 1.674405 0.000997 0.985202 0.000052 0.164572 -0.009874
1.000000 1.673525 0.000999 0.985822 -0.000007 0.164719 -0.009883
1.000000 1.672682 0.000997 0.986436 -0.000061 0.164314 -0.009859
1.000000 1.671961 0.000992 0.986978 -0.000104 0.163529 -0.009812
1.000000 1.671269 0.000985 0.987513 -0.000144 0.162376 -0.009743
1.000000 1.670606 0.000977 0.988041 -0.000180 0.160883 -0.009653
1.000000 1.669972 0.000966 0.988561 -0.000213 0.159081 -0.009545
1.000000 1.669420 0.000955 0.989025 -0.000241 0.157201 -0.009432
1.000000 1.668891 0.000942 0.989482 -0.000266 0.155107 -0.009306
1.000000 1.668384 0.000929 0.989931 -0.000289 0.152821 -0.009169
1.000000 1.667899 0.000914 0.990371 -0.000310 0.150358 -0.009022
1.000000 1.667395 0.000897 0.990841 -0.000331 0.147490 -0.008849
1.000000 1.666915 0.000878 0.991300 -0.000349 0.144455 -0.008667
1.000000 1.666460 0.000859 0.991746 -0.000364 0.141271 -0.008476
1.000000 1.666028 0.000839 0.992181 -0.000378 0.137959 -0.008278
1.000000 1.665489 0.000812 0.992743 -0.000393 0.133374 -0.008002
1.000000 1.664988 0.000783 0.993282 -0.000405 0.128637 -0.007718
1.000000 1.664526 0.000754 0.993799 -0.000414 0.123792 -0.007428
1.000000 1.664100 0.000724 0.994293 -0.000420 0.118857 -0.007131
1.000000 1.663828 0.000703 0.994620 -0.000423 0.115433 -0.006926
1.000000 1.663571 0.000682 0.994936 -0.000425 0.111991 -0.006719
1.000000 1.663330 0.000661 0.995241 -0.000426 0.108539 -0.006512
1.000000 1.663104 0.000640 0.995536 -0.000425 0.105087 -0.006305
1.000000 1.662892 0.000620 0.995821 -0.000424 0.101645 -0.006099
1.000000 1.662693 0.000599 0.996095 -0.000422 0.098218 -0.005893
1.000000 1.662508 0.000578 0.996359 -0.000419 0.094811 -0.005689
1.000000 1.662335 0.000558 0.996613 -0.000415 0.091431 -0.005486
1.000000 1.662135 0.000532 0.996920 -0.000410 0.087203 -0.005232
1.000000 1.661953 0.000507 0.997211 -0.000404 0.083036 -0.004982
1.000000 1.661788 0.000482 0.997488 -0.000397 0.078941 -0.004736
1.000000 1.661640 0.000458 0.997749 -0.000389 0.074922 -0.004495
1.000000 1.661491 0.000430 0.998029 -0.000380 0.070465 -0.004228
1.000000 1.661362 0.000404 0.998290 -0.000369 0.066123 -0.003967
1.000000 1.661250 0.000378 0.998533 -0.000358 0.061895 -0.003714
1.000000 1.661154 0.000354 0.998759 -0.000346 0.057805 -0.003468
1.000000 1.661079 0.000331 0.998957 -0.000334 0.054094 -0.003246
1.000000 1.661016 0.000309 0.999140 -0.000323 0.050515 -0.003031
1.000000 1.660965 0.000288 0.999311 -0.000311 0.047098 -0.002826
1.000000 1.660925 0.000268 0.999469 -0.000300 0.043797 -0.002628
1.000000 1.660897 0.000251 0.999601 -0.000289 0.040920 -0.002455
1.000000 1.660877 0.000234 0.999723 -0.000278 0.038143 -0.002289
1.000000 1.660864 0.000218 0.999838 -0.000268 0.035431 -0.002126
1.000000 1.660858 0.000202 0.999943 -0.000258 0.032836 -0.001970
1.000000 1.660857 0.000191 1.000011 -0.000249 0.031085 -0.001865
1.000000 1.660858 0.000181 1.000076 -0.000242 0.029385 -0.001763
1.000000 1.660863 0.000171 1.000137 -0.000234 0.027741 -0.001664
1.000000 1.660870 0.000161 1.000194 -0.000226 0.026147 -0.001569
1.000000 1.660878 0.000152 1.000243 -0.000219 0.024744 -0.001485
1.000000 1.660889 0.000144 1.000289 -0.000213 0.023382 -0.001403
1.000000 1.660900 0.000136 1.000332 -0.000207 0.022062 -0.001324
1.000000 1.660914 0.000128 1.000372 -0.000200 0.020782 -0.001247
