0.180000 0.000000 0.000000 0.180000 0.000000 -4.987800 0.299268
0.180000 -0.000000 0.000000 0.179950 0.000050 -4.986773 0.299206
0.180000 -0.000000 0.000000 0.179900 0.000100 -4.985746 0.299145
0.180000 -0.000000 0.000000 0.179849 0.000149 -4.984719 0.299083
0.180000 -0.000000 0.000000 0.179799 0.000199 -4.983692 0.299022
0.180000 -0.000000 0.000000 0.179548 0.000448 -4.978560 0.298714
0.180000 -0.000000 0.000000 0.179298 0.000696 -4.973428 0.298406
0.180000 -0.000000 0.000000 0.179047 0.000944 -4.968299 0.298098
0.180000 -0.000000 0.000000 0.178797 0.001192 -4.963171 0.297790
0.180000 -0.000000 0.000000 0.177551 0.002428 -4.937559 0.296254
0.180000 -0.000001 0.000001 0.176311 0.003657 -4.911991 0.294719
0.180000 -0.000002 0.000002 0.175077 0.004880 -4.886466 0.293188
0.180000 -0.000003 0.000003 0.173850 0.006097 -4.860985 0.291659
0.180000 -0.000012 0.000012 0.167808 0.012087 -4.734231 0.284054
0.180000 -0.000027 0.000027 0.161923 0.017921 -4.608568 0.276514
0.180000 -0.000048 0.000047 0.156192 0.023603 -4.483995 0.269040
0.180000 -0.000074 0.000074 0.150613 0.029134 -4.360514 0.261631
0.180000 -0.000285 0.000282 0.124903 0.054629 -3.759492 0.225570
0.180000 -0.000614 0.000609 0.102626 0.076734 -3.185707 0.191142
0.180000 -0.001046 0.001037 0.083501 0.095730 -2.638986 0.158339
0.180000 -0.001565 0.001552 0.067267 0.111882 -2.119067 0.127144
0.180000 -0.002442 0.002423 0.048406 0.130710 -1.413917 0.084835
0.180000 -0.003437 0.003412 0.034388 0.144797 -0.762556 0.045753
0.180000 -0.004517 0.004487 0.024591 0.154768 -0.163197 0.009792
0.180000 -0.005654 0.005620 0.018442 0.161194 0.386092 -0.023166
0.180000 -0.007206 0.007171 0.015042 0.165121 1.040331 -0.062420
0.180000 -0.008768 0.008738 0.016100 0.164763 1.616029 -0.096962
0.180000 -0.010304 0.010286 0.020710 0.161020 2.118979 -0.127139
0.180000 -0.011783 0.011785 0.028076 0.154676 2.554734 -0.153284
0.180000 -0.013461 0.013503 0.039714 0.144471 3.000111 -0.180007
0.180000 -0.014993 0.015093 0.053445 0.132364 3.365281 -0.201917
0.180000 -0.016362 0.016538 0.068493 0.119111 3.659735 -0.219584
0.180000 -0.017554 0.017828 0.084211 0.105337 3.891879 -0.233513
0.180000 -0.018653 0.019063 0.101689 0.090152 4.084712 -0.245083
0.180000 -0.019532 0.020107 0.118911 0.075351 4.221502 -0.253290
0.180000 -0.020200 0.020971 0.135542 0.061244 4.311112 -0.258667
0.180000 -0.020663 0.021662 0.151316 0.048078 4.361141 -0.261668
0.180000 -0.020929 0.022189 0.165952 0.036093 4.378272 -0.262696
0.180000 -0.021019 0.022572 0.179511 0.025228 4.368977 -0.262139
0.180000 -0.020946 0.022827 0.191968 0.015491 4.338346 -0.260301
0.180000 -0.020724 0.022967 0.203313 0.006879 4.290734 -0.257444
0.180000 -0.020414 0.023005 0.212417 0.000188 4.237575 -0.254255
0.180000 -0.020008 0.022974 0.220716 -0.005704 4.176275 -0.250576
0.180000 -0.019515 0.022881 0.228256 -0.010851 4.108693 -0.246522
0.180000 -0.018942 0.022736 0.235083 -0.015304 4.036433 -0.242186
0.180000 -0.018280 0.022539 0.241385 -0.019198 3.959015 -0.237541
0.180000 -0.017551 0.022302 0.247053 -0.022487 3.879272 -0.232756
0.180000 -0.016761 0.022031 0.252147 -0.025232 3.798164 -0.227890
0.180000 -0.015916 0.021732 0.256719 -0.027492 3.716501 -0.222990
0.180000 -0.014730 0.021303 0.262032 -0.029815 3.609264 -0.216556
0.180000 -0.013469 0.020844 0.266652 -0.031513 3.503190 -0.210191
0.180000 -0.012144 0.020364 0.270688 -0.032696 3.398978 -0.203939
0.180000 -0.010763 0.019870 0.274229 -0.033454 3.297191 -0.197831
0.180000 -0.008949 0.019234 0.278112 -0.033928 3.172706 -0.190362
0.180000 -0.007066 0.018593 0.281476 -0.033997 3.052727 -0.183164
0.180000 -0.005124 0.017953 0.284436 -0.033776 2.937123 -0.176227
0.180000 -0.003129 0.017320 0.287080 -0.033351 2.825882 -0.169553
0.180000 -0.000081 0.016399 0.290574 -0.032493 2.668653 -0.160119
0.180000 0.003059 0.015505 0.293686 -0.031490 2.519176 -0.151151
0.180000 0.006284 0.014636 0.296514 -0.030428 2.375952 -0.142557
0.180000 0.009587 0.013797 0.299130 -0.029375 2.238768 -0.134326
0.180000 0.012455 0.013106 0.301231 -0.028519 2.126460 -0.127588
0.180000 0.015373 0.012435 0.303221 -0.027700 2.017535 -0.121052
0.180000 0.018337 0.011783 0.305099 -0.026916 1.911685 -0.114701
0.180000 0.021345 0.011149 0.306874 -0.026170 1.808711 -0.108523
0.180000 0.024812 0.010451 0.308770 -0.025369 1.695014 -0.101701
0.180000 0.028328 0.009773 0.310530 -0.024603 1.584624 -0.095077
0.180000 0.031890 0.009116 0.312150 -0.023864 1.477427 -0.088646
0.180000 0.035494 0.008479 0.313633 -0.023150 1.373314 -0.082399
0.180000 0.040142 0.007694 0.315329 -0.022274 1.244970 -0.074698
0.180000 0.044844 0.006939 0.316806 -0.021424 1.121417 -0.067285
0.180000 0.049594 0.006213 0.318067 -0.020595 1.002596 -0.060156
0.180000 0.054383 0.005515 0.319122 -0.019787 0.888372 -0.053302
0.180000 0.063222 0.004310 0.320531 -0.018346 0.690921 -0.041455
0.180000 0.072130 0.003193 0.321327 -0.016968 0.508127 -0.030488
0.180000 0.081068 0.002164 0.321575 -0.015670 0.339585 -0.020375
0.180000 0.090005 0.001215 0.321303 -0.014428 0.184256 -0.011055
0.180000 0.097437 0.000482 0.320699 -0.013422 0.064328 -0.003860
0.180000 0.104829 -0.000199 0.319789 -0.012455 -0.047062 0.002824
0.180000 0.112167 -0.000832 0.318596 -0.011521 -0.150449 0.009027
0.180000 0.119436 -0.001416 0.317144 -0.010626 -0.245901 0.014754
0.180000 0.125909 -0.001902 0.315641 -0.009858 -0.325243 0.019515
0.180000 0.132307 -0.002352 0.313965 -0.009121 -0.398742 0.023925
0.180000 0.138621 -0.002768 0.312128 -0.008414 -0.466570 0.027994
0.180000 0.144845 -0.003151 0.310147 -0.007737 -0.529036 0.031742
0.180000 0.151646 -0.003540 0.307793 -0.007019 -0.592461 0.035548
0.180000 0.158318 -0.003892 0.305292 -0.006336 -0.649824 0.038989
0.180000 0.164855 -0.004209 0.302667 -0.005689 -0.701442 0.042087
0.180000 0.171250 -0.004492 0.299927 -0.005074 -0.747583 0.044855
0.180000 0.177498 -0.004744 0.297087 -0.004489 -0.788504 0.047310
0.180000 0.183595 -0.004966 0.294163 -0.003935 -0.824505 0.049470
0.180000 0.189535 -0.005159 0.291167 -0.003410 -0.855855 0.051351
0.180000 0.195316 -0.005326 0.288114 -0.002915 -0.882809 0.052969
0.180000 0.200970 -0.005468 0.284996 -0.002447 -0.905764 0.054346
0.180000 0.206458 -0.005586 0.281843 -0.002007 -0.924776 0.055487
0.180000 0.211778 -0.005682 0.278666 -0.001596 -0.940074 0.056404
0.180000 0.216929 -0.005756 0.275473 -0.001210 -0.951907 0.057114
0.180000 0.221854 -0.005810 0.272311 -0.000853 -0.960413 0.057625
0.180000 0.226612 -0.005846 0.269151 -0.000519 -0.965954 0.057957
0.180000 0.231205 -0.005865 0.266000 -0.000208 -0.968740 0.058124
0.180000 0.235633 -0.005868 0.262866 0.000082 -0.968949 0.058137
0.180000 0.239863 -0.005857 0.259781 0.000347 -0.966791 0.058007
0.180000 0.243934 -0.005832 0.256724 0.000593 -0.962458 0.057747
0.180000 0.247846 -0.005795 0.253702 0.000820 -0.956111 0.057367
0.180000 0.251602 -0.005747 0.250718 0.001029 -0.947917 0.056875
0.180000 0.257149 -0.005652 0.246155 0.001321 -0.931805 0.055908
0.180000 0.262330 -0.005534 0.241713 0.001573 -0.912126 0.054728
0.180000 0.267157 -0.005398 0.237407 0.001784 -0.889416 0.053365
0.180000 0.271641 -0.005246 0.233240 0.001964 -0.864090 0.051845
0.180000 0.273870 -0.005160 0.231102 0.002048 -0.849813 0.050989
0.180000 0.276009 -0.005071 0.229007 0.002124 -0.834987 0.050099
0.180000 0.278060 -0.004979 0.226955 0.002191 -0.819669 0.049180
0.180000 0.280024 -0.004884 0.224948 0.002251 -0.803917 0.048235
0.180000 0.281903 -0.004786 0.222987 0.002303 -0.787787 0.047267
0.180000 0.283699 -0.004687 0.221072 0.002348 -0.771324 0.046279
0.180000 0.285414 -0.004586 0.219204 0.002386 -0.754573 0.045274
0.180000 0.287050 -0.004483 0.217381 0.002418 -0.737579 0.044255
0.180000 0.289272 -0.004333 0.214839 0.002455 -0.712764 0.042766
0.180000 0.291341 -0.004181 0.212394 0.002480 -0.687651 0.041259
0.180000 0.293262 -0.004028 0.210046 0.002495 -0.662351 0.039741
0.180000 0.295041 -0.003874 0.207795 0.002500 -0.636961 0.038218
0.180000 0.296639 -0.003725 0.205702 0.002496 -0.612311 0.036739
0.180000 0.298114 -0.003576 0.203698 0.002485 -0.587742 0.035265
0.180000 0.299473 -0.003428 0.201784 0.002467 -0.563320 0.033799
0.180000 0.300720 -0.003281 0.199957 0.002443 -0.539116 0.032347
0.180000 0.301860 -0.003136 0.198217 0.002413 -0.515189 0.030911
0.180000 0.302898 -0.002993 0.196561 0.002378 -0.491592 0.029496
0.180000 0.303840 -0.002852 0.194989 0.002338 -0.468373 0.028102
0.180000 0.304691 -0.002714 0.193498 0.002293 -0.445574 0.026734
0.180000 0.305584 -0.002554 0.191840 0.002236 -0.419230 0.025154
0.180000 0.306365 -0.002398 0.190288 0.002174 -0.393580 0.023615
0.180000 0.307039 -0.002247 0.188837 0.002112 -0.368671 0.022120
0.180000 0.307615 -0.002100 0.187488 0.002046 -0.344529 0.020672
0.180000 0.307950 -0.002004 0.186634 0.001998 -0.328712 0.019723
0.180000 0.308246 -0.001910 0.185823 0.001950 -0.313272 0.018796
0.180000 0.308505 -0.001819 0.185055 0.001900 -0.298210 0.017893
0.180000 0.308728 -0.001730 0.184326 0.001850 -0.283538 0.017012
0.180000 0.308917 -0.001643 0.183636 0.001800 -0.269259 0.016156
0.180000 0.309074 -0.001558 0.182983 0.001750 -0.255374 0.015322
0.180000 0.309201 -0.001476 0.182368 0.001700 -0.241886 0.014513
0.180000 0.309300 -0.001397 0.181788 0.001649 -0.228795 0.013728
0.180000 0.309394 -0.001288 0.181027 0.001577 -0.210969 0.012658
0.180000 0.309440 -0.001185 0.180332 0.001506 -0.193934 0.011636
0.180000 0.309440 -0.001086 0.179698 0.001436 -0.177677 0.010661
0.180000 0.309400 -0.000991 0.179124 0.001366 -0.162202 0.009732
0.180000 0.309342 -0.000919 0.178705 0.001311 -0.150373 0.009022
0.180000 0.309262 -0.000850 0.178320 0.001256 -0.139033 0.008342
0.180000 0.309162 -0.000784 0.177969 0.001202 -0.128178 0.007691
0.180000 0.309043 -0.000721 0.177649 0.001149 -0.117796 0.007068
0.180000 0.308909 -0.000661 0.177358 0.001097 -0.107874 0.006472
0.180000 0.308760 -0.000603 0.177095 0.001046 -0.098409 0.005905
0.180000 0.308597 -0.000548 0.176859 0.000996 -0.089390 0.005363
0.180000 0.308422 -0.000496 0.176649 0.000948 -0.080807 0.004848
0.180000 0.308222 -0.000442 0.176450 0.000897 -0.072042 0.004323
0.180000 0.308011 -0.000392 0.176277 0.000847 -0.063759 0.003826
0.180000 0.307791 -0.000344 0.176129 0.000798 -0.055942 0.003357
0.180000 0.307563 -0.000299 0.176005 0.000751 -0.048581 0.002915
0.180000 0.307323 -0.000256 0.175900 0.000704 -0.041525 0.002491
0.180000 0.307078 -0.000216 0.175816 0.000660 -0.034913 0.002095
0.180000 0.306829 -0.000178 0.175752 0.000617 -0.028734 0.001724
0.180000 0.306576 -0.000143 0.175706 0.000576 -0.022964 0.001378
0.180000 0.306314 -0.000109 0.175677 0.000535 -0.017446 0.001047
0.180000 0.306051 -0.000078 0.175665 0.000495 -0.012328 0.000740
0.180000 0.305787 -0.000049 0.175667 0.000457 -0.007585 0.000455
0.180000 0.305525 -0.000022 0.175684 0.000421 -0.003215 0.000193
0.180000 0.305235 0.000005 0.175717 0.000383 0.001221 -0.000073
0.180000 0.304948 0.000029 0.175764 0.000347 0.005239 -0.000314
0.180000 0.304665 0.000052 0.175825 0.000312 0.008839 -0.000530
0.180000 0.304386 0.000072 0.175896 0.000279 0.012078 -0.000725
0.180000 0.304207 0.000083 0.175948 0.000260 0.014021 -0.000841
0.180000 0.304030 0.000094 0.176003 0.000241 0.015822 -0.000949
0.180000 0.303855 0.000105 0.176062 0.000222 0.017488 -0.001049
0.180000 0.303683 0.000114 0.176124 0.000205 0.019021 -0.001141
0.180000 0.303514 0.000123 0.176189 0.000188 0.020424 -0.001225
0.180000 0.303348 0.000130 0.176257 0.000171 0.021705 -0.001302
0.180000 0.303185 0.000138 0.176328 0.000155 0.022870 -0.001372
0.180000 0.303025 0.000144 0.176400 0.000140 0.023925 -0.001435
0.180000 0.302821 0.000152 0.176498 0.000121 0.025146 -0.001509
0.180000 0.302623 0.000158 0.176598 0.000104 0.026196 -0.001572
0.180000 0.302430 0.000164 0.176700 0.000088 0.027086 -0.001625
0.180000 0.302243 0.000168 0.176803 0.000072 0.027826 -0.001670
0.180000 0.301989 0.000173 0.176952 0.000052 0.028628 -0.001718
0.180000 0.301748 0.000177 0.177101 0.000034 0.029183 -0.001751
0.180000 0.301518 0.000179 0.177251 0.000018 0.029526 -0.001772
0.180000 0.301301 0.000180 0.177401 0.000003 0.029657 -0.001779
0.180000 0.301186 0.000180 0.177483 -0.000004 0.029640 -0.001778
0.180000 0.301074 0.000179 0.177565 -0.000011 0.029571 -0.001774
0.180000 0.300967 0.000179 0.177646 -0.000018 0.029450 -0.001767
0.180000 0.300863 0.000178 0.177726 -0.000024 0.029285 -0.001757
0.180000 0.300762 0.000177 0.177805 -0.000030 0.029080 -0.001745
0.180000 0.300665 0.000175 0.177884 -0.000035 0.028836 -0.001730
0.180000 0.300572 0.000173 0.177961 -0.000040 0.028554 -0.001713
0.180000 0.300481 0.000172 0.178037 -0.000044 0.028238 -0.001694
0.180000 0.300358 0.000168 0.178144 -0.000050 0.027730 -0.001664
0.180000 0.300242 0.000165 0.178248 -0.000055 0.027165 -0.001630
0.180000 0.300132 0.000161 0.178350 -0.000059 0.026552 -0.001593
0.180000 0.300029 0.000157 0.178449 -0.000063 0.025895 -0.001554
0.180000 0.299910 0.000152 0.178568 -0.000068 0.025036 -0.001502
0.180000 0.299800 0.000147 0.178682 -0.000071 0.024124 -0.001447
0.180000 0.299699 0.000141 0.178790 -0.000073 0.023153 -0.001389
0.180000 0.299606 0.000135 0.178894 -0.000074 0.022166 -0.001330
0.180000 0.299528 0.000129 0.178985 -0.000076 0.021201 -0.001272
0.180000 0.299457 0.000124 0.179072 -0.000076 0.020262 -0.001216
0.180000 0.299391 0.000118 0.179152 -0.000074 0.019432 -0.001166
0.180000 0.299332 0.000113 0.179231 -0.000075 0.018563 -0.001114
0.180000 0.299303 0.000110 0.179272 -0.000077 0.018059 -0.001084
0.180000 0.299276 0.000107 0.179310 -0.000077 0.017564 -0.001054
0.180000 0.299251 0.000104 0.179347 -0.000077 0.017069 -0.001024
0.180000 0.299227 0.000101 0.179382 -0.000076 0.016585 -0.000995
0.180000 0.299204 0.000098 0.179416 -0.000075 0.016114 -0.000967
0.180000 0.299182 0.000096 0.179449 -0.000074 0.015649 -0.000939
0.180000 0.299162 0.000093 0.179481 -0.000073 0.015189 -0.000911
0.180000 0.299143 0.000090 0.179512 -0.000072 0.014735 -0.000884
0.180000 0.299120 0.000086 0.179551 -0.000071 0.014163 -0.000850
0.180000 0.299099 0.000083 0.179587 -0.000070 0.013599 -0.000816
0.180000 0.299080 0.000080 0.179622 -0.000069 0.013046 -0.000783
0.180000 0.299063 0.000076 0.179656 -0.000068 0.012502 -0.000750
0.180000 0.299035 0.000071 0.179712 -0.000065 0.011546 -0.000693
0.180000 0.299013 0.000065 0.179764 -0.000062 0.010626 -0.000638
0.180000 0.298994 0.000060 0.179813 -0.000061 0.009738 -0.000584
0.180000 0.298980 0.000054 0.179857 -0.000059 0.008886 -0.000533
0.180000 0.298974 0.000052 0.179876 -0.000057 0.008478 -0.000509
0.180000 0.298969 0.000050 0.179895 -0.000055 0.008082 -0.000485
0.180000 0.298965 0.000047 0.179913 -0.000053 0.007696 -0.000462
0.180000 0.298961 0.000045 0.179930 -0.000052 0.007321 -0.000439
0.180000 0.298959 0.000043 0.179946 -0.000050 0.006956 -0.000417
0.180000 0.298957 0.000041 0.179961 -0.000049 0.006601 -0.000396
0.180000 0.298955 0.000038 0.179976 -0.000048 0.006256 -0.000375
0.180000 0.298954 0.000036 0.179989 -0.000046 0.005920 -0.000355
0.180000 0.298954 0.000033 0.180009 -0.000044 0.005417 -0.000325
0.180000 0.298956 0.000030 0.180027 -0.000042 0.004938 -0.000296
0.180000 0.298958 0.000028 0.180043 -0.000040 0.004480 -0.000269
0.180000 0.298961 0.000025 0.180057 -0.000038 0.004047 -0.000243
0.180000 0.298962 0.000025 0.180059 -0.000037 0.003989 -0.000239
0.180000 0.298963 0.000024 0.180061 -0.000037 0.003931 -0.000236
0.180000 0.298963 0.000024 0.180063 -0.000037 0.003874 -0.000232
0.180000 0.298964 0.000024 0.180065 -0.000036 0.003817 -0.000229
