0.400000 0.000000 0.000000 0.400000 0.000000 -11.084000 0.665040
0.400000 -0.000000 0.000000 0.399950 0.000050 -11.082973 0.664978
0.400000 -0.000000 0.000000 0.399900 0.000100 -11.081946 0.664917
0.400000 -0.000000 0.000000 0.399849 0.000149 -11.080919 0.664855
0.400000 -0.000000 0.000000 0.399799 0.000199 -11.079892 0.664794
0.400000 -0.000000 0.000000 0.399548 0.000448 -11.074758 0.664485
0.400000 -0.000000 0.000000 0.399297 0.000697 -11.069625 0.664177
0.400000 -0.000000 0.000000 0.399046 0.000945 -11.064492 0.663870
0.400000 -0.000000 0.000000 0.398796 0.001194 -11.059360 0.663562
0.400000 -0.000000 0.000000 0.397544 0.002435 -11.033713 0.662023
0.400000 -0.000000 0.000000 0.396295 0.003673 -11.008086 0.660485
0.400000 -0.000001 0.000001 0.395049 0.004908 -10.982478 0.658949
0.400000 -0.000001 0.000001 0.393806 0.006140 -10.956890 0.657413
0.400000 -0.000006 0.000005 0.387634 0.012259 -10.829243 0.649755
0.400000 -0.000012 0.000012 0.381534 0.018306 -10.702086 0.642125
0.400000 -0.000022 0.000022 0.375505 0.024283 -10.575419 0.634525
0.400000 -0.000034 0.000034 0.369547 0.030190 -10.449242 0.626955
0.400000 -0.000134 0.000133 0.340798 0.058692 -9.825723 0.589543
0.400000 -0.000297 0.000294 0.313740 0.085521 -9.214485 0.552869
0.400000 -0.000518 0.000513 0.288311 0.110737 -8.615530 0.516932
0.400000 -0.000793 0.000786 0.264452 0.134403 -8.028853 0.481731
0.400000 -0.001706 0.001691 0.211056 0.187400 -6.608957 0.396537
0.400000 -0.002892 0.002868 0.166335 0.231850 -5.265859 0.315952
0.400000 -0.004307 0.004272 0.129475 0.268573 -3.998620 0.239917
0.400000 -0.005907 0.005862 0.099716 0.298333 -2.806037 0.168362
0.400000 -0.008456 0.008396 0.067992 0.330307 -1.220880 0.073253
0.400000 -0.011214 0.011142 0.047553 0.351287 0.219318 -0.013159
0.400000 -0.014097 0.014019 0.036679 0.362991 1.521395 -0.091284
0.400000 -0.017035 0.016958 0.033816 0.366969 2.692608 -0.161556
0.400000 -0.020748 0.020688 0.039546 0.363051 4.002834 -0.240170
0.400000 -0.024359 0.024337 0.053537 0.351291 5.132301 -0.307938
0.400000 -0.027797 0.027837 0.073743 0.333705 6.098191 -0.365891
0.400000 -0.031005 0.031136 0.098420 0.312006 6.916180 -0.414971
0.400000 -0.034454 0.034735 0.131513 0.282871 7.714937 -0.462896
0.400000 -0.037488 0.037968 0.167082 0.251664 8.351071 -0.501064
0.400000 -0.040088 0.040823 0.203733 0.219722 8.846378 -0.530783
0.400000 -0.042243 0.043293 0.240351 0.188111 9.219217 -0.553153
0.400000 -0.044053 0.045505 0.278403 0.155666 9.500035 -0.570002
0.400000 -0.045381 0.047311 0.314890 0.125010 9.679400 -0.580764
0.400000 -0.046256 0.048738 0.349399 0.096505 9.773623 -0.586417
0.400000 -0.046700 0.049813 0.381612 0.070422 9.796648 -0.587799
0.400000 -0.046743 0.050560 0.411074 0.047115 9.761321 -0.585679
0.400000 -0.046426 0.051025 0.438107 0.026286 9.679060 -0.580744
0.400000 -0.045780 0.051242 0.462749 0.007863 9.559202 -0.573552
0.400000 -0.044835 0.051238 0.485050 -0.008229 9.409833 -0.564590
0.400000 -0.043679 0.051054 0.504236 -0.021519 9.246114 -0.554767
0.400000 -0.042301 0.050720 0.521510 -0.032945 9.067015 -0.544021
0.400000 -0.040723 0.050258 0.537014 -0.042663 8.876899 -0.532614
0.400000 -0.038967 0.049687 0.550877 -0.050813 8.679499 -0.520770
0.400000 -0.036910 0.048975 0.564050 -0.057964 8.463605 -0.507816
0.400000 -0.034691 0.048180 0.575685 -0.063683 8.245832 -0.494750
0.400000 -0.032329 0.047318 0.585960 -0.068153 8.028491 -0.481709
0.400000 -0.029842 0.046406 0.595029 -0.071537 7.813463 -0.468808
0.400000 -0.026561 0.045207 0.604937 -0.074474 7.548797 -0.452928
0.400000 -0.023128 0.043970 0.613464 -0.076227 7.291537 -0.437492
0.400000 -0.019566 0.042712 0.620862 -0.077050 7.042533 -0.422552
0.400000 -0.015890 0.041447 0.627333 -0.077143 6.802427 -0.408146
0.400000 -0.010918 0.039794 0.634707 -0.076449 6.501355 -0.390081
0.400000 -0.005798 0.038163 0.641125 -0.075131 6.214720 -0.372883
0.400000 -0.000546 0.036563 0.646840 -0.073434 5.940965 -0.356458
0.400000 0.004822 0.035002 0.652035 -0.071532 5.679323 -0.340759
0.400000 0.011387 0.033192 0.657769 -0.069176 5.380833 -0.322850
0.400000 0.018095 0.031442 0.663091 -0.066832 5.095385 -0.305723
0.400000 0.024938 0.029749 0.668070 -0.064550 4.820789 -0.289247
0.400000 0.031907 0.028112 0.672779 -0.062394 4.556078 -0.273365
0.400000 0.038401 0.026660 0.676903 -0.060559 4.321288 -0.259277
0.400000 0.044990 0.025250 0.680821 -0.058828 4.093083 -0.245585
0.400000 0.051669 0.023879 0.684524 -0.057185 3.870963 -0.232258
0.400000 0.058433 0.022547 0.688015 -0.055625 3.654565 -0.219274
0.400000 0.066679 0.020991 0.691941 -0.053851 3.401340 -0.204080
0.400000 0.075031 0.019484 0.695543 -0.052154 3.155710 -0.189343
0.400000 0.083481 0.018024 0.698812 -0.050514 2.917511 -0.175051
0.400000 0.092019 0.016611 0.701755 -0.048925 2.686519 -0.161191
0.400000 0.103685 0.014770 0.705227 -0.046848 2.385363 -0.143122
0.400000 0.115473 0.013009 0.708119 -0.044829 2.096955 -0.125817
0.400000 0.127361 0.011324 0.710451 -0.042863 1.821173 -0.109270
0.400000 0.139328 0.009714 0.712249 -0.040947 1.557577 -0.093455
0.400000 0.156011 0.007601 0.713891 -0.038357 1.211702 -0.072702
0.400000 0.172756 0.005624 0.714622 -0.035862 0.888071 -0.053284
0.400000 0.189516 0.003778 0.714522 -0.033475 0.585905 -0.035154
0.400000 0.206249 0.002058 0.713631 -0.031175 0.304323 -0.018259
0.400000 0.223088 0.000441 0.711981 -0.028929 0.039956 -0.002397
0.400000 0.239819 -0.001057 0.709648 -0.026773 -0.204961 0.012298
0.400000 0.256409 -0.002442 0.706684 -0.024701 -0.431309 0.025879
0.400000 0.272823 -0.003719 0.703150 -0.022719 -0.639782 0.038387
0.400000 0.290663 -0.005004 0.698663 -0.020643 -0.849691 0.050981
0.400000 0.308220 -0.006169 0.693612 -0.018672 -1.039896 0.062394
0.400000 0.325461 -0.007220 0.688064 -0.016811 -1.211257 0.072675
0.400000 0.342360 -0.008163 0.682070 -0.015049 -1.365013 0.081901
0.400000 0.359047 -0.009012 0.675616 -0.013360 -1.503300 0.090198
0.400000 0.375336 -0.009763 0.668817 -0.011768 -1.625536 0.097532
0.400000 0.391211 -0.010422 0.661727 -0.010271 -1.732863 0.103972
0.400000 0.406653 -0.010995 0.654382 -0.008860 -1.825845 0.109551
0.400000 0.418690 -0.011393 0.648353 -0.007792 -1.890393 0.113424
0.400000 0.430435 -0.011742 0.642216 -0.006781 -1.946805 0.116808
0.400000 0.441885 -0.012043 0.635986 -0.005821 -1.995442 0.119727
0.400000 0.453034 -0.012300 0.629686 -0.004914 -2.036794 0.122208
0.400000 0.463880 -0.012515 0.623336 -0.004059 -2.071308 0.124279
0.400000 0.474422 -0.012690 0.616947 -0.003252 -2.099303 0.125958
0.400000 0.484656 -0.012827 0.610538 -0.002494 -2.121154 0.127269
0.400000 0.494584 -0.012929 0.604121 -0.001780 -2.137218 0.128233
0.400000 0.504295 -0.012998 0.597647 -0.001101 -2.147906 0.128874
0.400000 0.513693 -0.013036 0.591193 -0.000465 -2.153396 0.129204
0.400000 0.522780 -0.013044 0.584770 0.000130 -2.154030 0.129242
0.400000 0.531557 -0.013024 0.578390 0.000685 -2.150123 0.129007
0.400000 0.539737 -0.012981 0.572284 0.001183 -2.142338 0.128540
0.400000 0.547633 -0.012914 0.566237 0.001647 -2.130889 0.127853
0.400000 0.555248 -0.012827 0.560257 0.002077 -2.116029 0.126962
0.400000 0.562586 -0.012721 0.554350 0.002476 -2.098012 0.125881
0.400000 0.572900 -0.012532 0.545795 0.003009 -2.066210 0.123973
0.400000 0.582633 -0.012309 0.537434 0.003479 -2.028794 0.121728
0.400000 0.591798 -0.012055 0.529285 0.003890 -1.986454 0.119187
0.400000 0.600410 -0.011775 0.521359 0.004247 -1.939815 0.116389
0.400000 0.608204 -0.011484 0.513945 0.004542 -1.891353 0.113481
0.400000 0.615513 -0.011174 0.506758 0.004794 -1.839945 0.110397
0.400000 0.622355 -0.010850 0.499806 0.005006 -1.786041 0.107162
0.400000 0.628743 -0.010512 0.493096 0.005178 -1.730096 0.103806
0.400000 0.634696 -0.010165 0.486630 0.005317 -1.672518 0.100351
0.400000 0.640228 -0.009809 0.480414 0.005421 -1.613671 0.096820
0.400000 0.645357 -0.009447 0.474455 0.005488 -1.553910 0.093235
0.400000 0.650099 -0.009082 0.468744 0.005530 -1.493547 0.089613
0.400000 0.653938 -0.008761 0.463957 0.005548 -1.440517 0.086431
0.400000 0.657505 -0.008439 0.459359 0.005548 -1.387416 0.083245
0.400000 0.660812 -0.008118 0.454943 0.005539 -1.334425 0.080066
0.400000 0.663870 -0.007799 0.450716 0.005512 -1.281656 0.076899
0.400000 0.666236 -0.007534 0.447336 0.005475 -1.237919 0.074275
0.400000 0.668442 -0.007271 0.444083 0.005428 -1.194528 0.071672
0.400000 0.670494 -0.007010 0.440956 0.005372 -1.151529 0.069092
0.400000 0.672398 -0.006752 0.437952 0.005309 -1.109008 0.066540
0.400000 0.674205 -0.006490 0.434992 0.005239 -1.065923 0.063955
0.400000 0.675868 -0.006233 0.432159 0.005162 -1.023446 0.061407
0.400000 0.677394 -0.005979 0.429448 0.005079 -0.981641 0.058898
0.400000 0.678789 -0.005729 0.426858 0.004991 -0.940538 0.056432
0.400000 0.680566 -0.005381 0.423361 0.004856 -0.883111 0.052987
0.400000 0.682103 -0.005042 0.420098 0.004713 -0.827305 0.049638
0.400000 0.683418 -0.004713 0.417057 0.004565 -0.773175 0.046391
0.400000 0.684525 -0.004395 0.414235 0.004410 -0.720853 0.043251
0.400000 0.685181 -0.004181 0.412395 0.004298 -0.685527 0.041132
0.400000 0.685750 -0.003971 0.410652 0.004184 -0.651118 0.039067
0.400000 0.686234 -0.003768 0.409006 0.004069 -0.617648 0.037059
0.400000 0.686640 -0.003570 0.407452 0.003952 -0.585112 0.035107
0.400000 0.686971 -0.003378 0.405986 0.003837 -0.553507 0.033210
0.400000 0.687232 -0.003191 0.404607 0.003720 -0.522850 0.031371
0.400000 0.687427 -0.003011 0.403312 0.003604 -0.493142 0.029589
0.400000 0.687560 -0.002836 0.402097 0.003488 -0.464384 0.027863
0.400000 0.687644 -0.002632 0.400736 0.003348 -0.430964 0.025858
0.400000 0.687650 -0.002437 0.399484 0.003209 -0.398914 0.023935
0.400000 0.687584 -0.002250 0.398336 0.003070 -0.368216 0.022093
0.400000 0.687454 -0.002072 0.397287 0.002934 -0.338869 0.020332
0.400000 0.687243 -0.001886 0.396248 0.002786 -0.308315 0.018499
0.400000 0.686968 -0.001709 0.395314 0.002642 -0.279327 0.016760
0.400000 0.686636 -0.001542 0.394481 0.002502 -0.251895 0.015114
0.400000 0.686252 -0.001384 0.393741 0.002364 -0.225947 0.013557
0.400000 0.685809 -0.001230 0.393072 0.002225 -0.200698 0.012042
0.400000 0.685324 -0.001085 0.392490 0.002090 -0.176942 0.010617
0.400000 0.684802 -0.000949 0.391991 0.001960 -0.154574 0.009274
0.400000 0.684250 -0.000822 0.391571 0.001833 -0.133658 0.008019
0.400000 0.683868 -0.000742 0.391332 0.001750 -0.120557 0.007233
0.400000 0.683476 -0.000665 0.391123 0.001670 -0.108047 0.006483
0.400000 0.683075 -0.000593 0.390943 0.001591 -0.096128 0.005768
0.400000 0.682667 -0.000523 0.390790 0.001515 -0.084770 0.005086
0.400000 0.682253 -0.000457 0.390662 0.001441 -0.073946 0.004437
0.400000 0.681833 -0.000394 0.390559 0.001369 -0.063659 0.003820
0.400000 0.681410 -0.000335 0.390479 0.001300 -0.053892 0.003234
0.400000 0.680983 -0.000278 0.390421 0.001232 -0.044633 0.002678
0.400000 0.680488 -0.000217 0.390380 0.001156 -0.034559 0.002074
0.400000 0.679991 -0.000159 0.390365 0.001082 -0.025118 0.001507
0.400000 0.679494 -0.000105 0.390373 0.001011 -0.016287 0.000977
0.400000 0.678999 -0.000055 0.390404 0.000943 -0.008045 0.000483
0.400000 0.678385 0.000003 0.390471 0.000862 0.001420 -0.000085
0.400000 0.677777 0.000056 0.390567 0.000785 0.010050 -0.000603
0.400000 0.677176 0.000104 0.390688 0.000711 0.017882 -0.001073
0.400000 0.676583 0.000147 0.390833 0.000642 0.024965 -0.001498
0.400000 0.675871 0.000194 0.391038 0.000562 0.032653 -0.001959
0.400000 0.675177 0.000236 0.391270 0.000487 0.039362 -0.002362
0.400000 0.674501 0.000271 0.391522 0.000420 0.045191 -0.002711
0.400000 0.673846 0.000302 0.391794 0.000355 0.050148 -0.003009
0.400000 0.673520 0.000315 0.391941 0.000324 0.052351 -0.003141
0.400000 0.673199 0.000328 0.392090 0.000294 0.054356 -0.003261
0.400000 0.672885 0.000339 0.392242 0.000265 0.056169 -0.003370
0.400000 0.672576 0.000349 0.392397 0.000238 0.057802 -0.003468
0.400000 0.672274 0.000358 0.392555 0.000212 0.059265 -0.003556
0.400000 0.671979 0.000366 0.392714 0.000187 0.060561 -0.003634
0.400000 0.671689 0.000373 0.392875 0.000164 0.061697 -0.003702
0.400000 0.671407 0.000379 0.393037 0.000141 0.062681 -0.003761
0.400000 0.671017 0.000386 0.393268 0.000111 0.063827 -0.003830
0.400000 0.670641 0.000392 0.393501 0.000082 0.064700 -0.003882
0.400000 0.670278 0.000396 0.393734 0.000056 0.065321 -0.003919
0.400000 0.669929 0.000398 0.393967 0.000032 0.065706 -0.003942
0.400000 0.669538 0.000399 0.394238 0.000006 0.065879 -0.003953
0.400000 0.669165 0.000399 0.394506 -0.000018 0.065781 -0.003947
0.400000 0.668810 0.000397 0.394772 -0.000040 0.065435 -0.003926
0.400000 0.668472 0.000394 0.395034 -0.000060 0.064866 -0.003892
0.400000 0.668151 0.000389 0.395292 -0.000077 0.064097 -0.003846
0.400000 0.667847 0.000384 0.395544 -0.000093 0.063150 -0.003789
0.400000 0.667560 0.000377 0.395790 -0.000106 0.062047 -0.003723
0.400000 0.667289 0.000369 0.396030 -0.000118 0.060804 -0.003648
0.400000 0.667045 0.000362 0.396254 -0.000128 0.059497 -0.003570
0.400000 0.666815 0.000353 0.396472 -0.000136 0.058093 -0.003486
0.400000 0.666598 0.000344 0.396685 -0.000145 0.056606 -0.003396
0.400000 0.666394 0.000335 0.396891 -0.000153 0.055043 -0.003303
0.400000 0.666239 0.000327 0.397052 -0.000157 0.053736 -0.003224
0.400000 0.666093 0.000319 0.397208 -0.000161 0.052396 -0.003144
0.400000 0.665954 0.000311 0.397359 -0.000163 0.051025 -0.003061
0.400000 0.665822 0.000302 0.397506 -0.000165 0.049633 -0.002978
0.400000 0.665709 0.000294 0.397637 -0.000167 0.048347 -0.002901
0.400000 0.665601 0.000287 0.397764 -0.000168 0.047048 -0.002823
0.400000 0.665499 0.000279 0.397887 -0.000169 0.045742 -0.002745
0.400000 0.665403 0.000271 0.398007 -0.000170 0.044431 -0.002666
0.400000 0.665290 0.000261 0.398151 -0.000170 0.042784 -0.002567
0.400000 0.665186 0.000251 0.398289 -0.000170 0.041138 -0.002468
0.400000 0.665089 0.000241 0.398421 -0.000169 0.039496 -0.002370
0.400000 0.665001 0.000231 0.398548 -0.000168 0.037865 -0.002272
0.400000 0.664916 0.000221 0.398673 -0.000166 0.036190 -0.002171
0.400000 0.664839 0.000211 0.398792 -0.000164 0.034535 -0.002072
0.400000 0.664769 0.000201 0.398905 -0.000161 0.032908 -0.001975
0.400000 0.664705 0.000191 0.399012 -0.000158 0.031309 -0.001879
0.400000 0.664648 0.000182 0.399114 -0.000155 0.029737 -0.001784
0.400000 0.664597 0.000172 0.399210 -0.000151 0.028199 -0.001692
0.400000 0.664552 0.000163 0.399301 -0.000148 0.026694 -0.001602
0.400000 0.664512 0.000154 0.399387 -0.000145 0.025225 -0.001514
0.400000 0.664478 0.000146 0.399464 -0.000141 0.023856 -0.001431
0.400000 0.664449 0.000138 0.399537 -0.000137 0.022524 -0.001351
0.400000 0.664424 0.000130 0.399604 -0.000133 0.021228 -0.001274
0.400000 0.664403 0.000122 0.399668 -0.000128 0.019973 -0.001198
0.400000 0.664387 0.000116 0.399722 -0.000124 0.018865 -0.001132
0.400000 0.664373 0.000109 0.399774 -0.000120 0.017791 -0.001067
0.400000 0.664363 0.000103 0.399822 -0.000117 0.016754 -0.001005
0.400000 0.664354 0.000097 0.399868 -0.000113 0.015748 -0.000945
0.400000 0.664348 0.000091 0.399910 -0.000110 0.014763 -0.000886
0.400000 0.664345 0.000085 0.399950 -0.000106 0.013813 -0.000829
0.400000 0.664343 0.000079 0.399987 -0.000102 0.012894 -0.000774
0.400000 0.664343 0.000074 0.400021 -0.000098 0.012010 -0.000721
0.400000 0.664345 0.000068 0.400056 -0.000093 0.011058 -0.000663
0.400000 0.664350 0.000063 0.400088 -0.000089 0.010149 -0.000609
0.400000 0.664356 0.000057 0.400117 -0.000085 0.009288 -0.000557
0.400000 0.664364 0.000052 0.400144 -0.000081 0.008467 -0.000508
