0.620000 0.000000 0.000000 0.620000 0.000000 -17.180200 1.030812
0.620000 -0.000000 0.000000 0.619950 0.000050 -17.179173 1.030750
0.620000 -0.000000 0.000000 0.619900 0.000100 -17.178146 1.030689
0.620000 -0.000000 0.000000 0.619849 0.000149 -17.177119 1.030627
0.620000 -0.000000 0.000000 0.619799 0.000199 -17.176092 1.030566
0.620000 -0.000000 0.000000 0.619548 0.000448 -17.170958 1.030257
0.620000 -0.000000 0.000000 0.619297 0.000697 -17.165824 1.029949
0.620000 -0.000000 0.000000 0.619046 0.000946 -17.160690 1.029641
0.620000 -0.000000 0.000000 0.618795 0.001194 -17.155557 1.029333
0.620000 -0.000000 0.000000 0.617542 0.002437 -17.129900 1.027794
0.620000 -0.000000 0.000000 0.616291 0.003677 -17.104256 1.026255
0.620000 -0.000001 0.000001 0.615041 0.004916 -17.078624 1.024717
0.620000 -0.000001 0.000001 0.613794 0.006153 -17.053004 1.023180
0.620000 -0.000004 0.000004 0.607584 0.012309 -16.925098 1.015506
0.620000 -0.000008 0.000008 0.601420 0.018419 -16.797507 1.007850
0.620000 -0.000014 0.000014 0.595303 0.024484 -16.670233 1.000214
0.620000 -0.000022 0.000022 0.589232 0.030502 -16.543275 0.992596
0.620000 -0.000088 0.000087 0.559560 0.059918 -15.913231 0.954794
0.620000 -0.000195 0.000194 0.531007 0.088226 -15.291104 0.917466
0.620000 -0.000343 0.000340 0.503548 0.115451 -14.676902 0.880614
0.620000 -0.000530 0.000525 0.477156 0.141620 -14.070628 0.844238
0.620000 -0.001487 0.001474 0.391369 0.226711 -11.973397 0.718404
0.620000 -0.002852 0.002828 0.317755 0.299788 -9.976788 0.598607
0.620000 -0.004566 0.004529 0.255295 0.361879 -8.080259 0.484816
0.620000 -0.006573 0.006521 0.203034 0.413945 -6.282989 0.376979
0.620000 -0.009938 0.009863 0.143061 0.473959 -3.827968 0.229678
0.620000 -0.013687 0.013591 0.100454 0.517001 -1.577457 0.094647
0.620000 -0.017699 0.017586 0.072836 0.545449 0.476054 -0.028563
0.620000 -0.021869 0.021748 0.058013 0.561493 2.341361 -0.140482
0.620000 -0.027396 0.027280 0.054612 0.567067 4.507914 -0.270475
0.620000 -0.032884 0.032798 0.065715 0.558763 6.397362 -0.383842
0.620000 -0.038211 0.038185 0.087995 0.539874 8.035821 -0.482149
0.620000 -0.043277 0.043346 0.118588 0.513227 9.447452 -0.566847
0.620000 -0.048827 0.049064 0.162234 0.474906 10.854815 -0.651289
0.620000 -0.053841 0.054310 0.211193 0.431915 12.014181 -0.720851
0.620000 -0.058276 0.059050 0.263145 0.386495 12.957510 -0.777451
0.620000 -0.062102 0.063258 0.316279 0.340390 13.710652 -0.822639
0.620000 -0.065639 0.067323 0.375376 0.289646 14.354211 -0.861253
0.620000 -0.068422 0.070744 0.433083 0.240729 14.818388 -0.889103
0.620000 -0.070479 0.073554 0.488557 0.194396 15.128432 -0.907706
0.620000 -0.071837 0.075786 0.541161 0.151205 15.305545 -0.918333
0.620000 -0.072553 0.077566 0.593452 0.109137 15.369004 -0.922140
0.620000 -0.072579 0.078796 0.641878 0.071083 15.325112 -0.919507
0.620000 -0.071971 0.079535 0.686374 0.037037 15.192737 -0.911564
0.620000 -0.070779 0.079835 0.726902 0.006980 14.988482 -0.899309
0.620000 -0.069229 0.079769 0.760401 -0.017007 14.752397 -0.885144
0.620000 -0.067280 0.079421 0.790800 -0.037953 14.479158 -0.868750
0.620000 -0.064971 0.078831 0.818256 -0.056044 14.177658 -0.850660
0.620000 -0.062336 0.078032 0.842918 -0.071454 13.855713 -0.831343
0.620000 -0.059344 0.077033 0.865386 -0.084613 13.512982 -0.810779
0.620000 -0.056082 0.075882 0.885350 -0.095424 13.162001 -0.789720
0.620000 -0.052580 0.074606 0.903038 -0.104127 12.807745 -0.768465
0.620000 -0.048865 0.073232 0.918656 -0.110939 12.454359 -0.747262
0.620000 -0.044069 0.071449 0.935244 -0.117010 12.028097 -0.721686
0.620000 -0.039033 0.069589 0.949452 -0.120990 11.612132 -0.696728
0.620000 -0.033791 0.067680 0.961658 -0.123258 11.209166 -0.672550
0.620000 -0.028373 0.065747 0.972174 -0.124130 10.821116 -0.649267
0.620000 -0.021603 0.063400 0.983062 -0.123722 10.372258 -0.622335
0.620000 -0.014641 0.061073 0.992371 -0.122156 9.946158 -0.596769
0.620000 -0.007515 0.058781 1.000490 -0.119811 9.541381 -0.572483
0.620000 -0.000243 0.056539 1.007713 -0.116974 9.156788 -0.549407
0.620000 0.010176 0.053495 1.016818 -0.112615 8.648508 -0.518910
0.620000 0.020827 0.050566 1.025074 -0.108143 8.169923 -0.490195
0.620000 0.031698 0.047747 1.032725 -0.103763 7.714672 -0.462880
0.620000 0.042767 0.045039 1.039982 -0.099665 7.280231 -0.436814
0.620000 0.052331 0.042822 1.045947 -0.096481 6.925356 -0.415521
0.620000 0.062027 0.040675 1.051692 -0.093532 6.581236 -0.394874
0.620000 0.071852 0.038591 1.057199 -0.090785 6.246629 -0.374798
0.620000 0.081800 0.036567 1.062471 -0.088230 5.920675 -0.355241
0.620000 0.093244 0.034334 1.068173 -0.085541 5.559924 -0.333595
0.620000 0.104830 0.032169 1.073516 -0.083015 5.208910 -0.312535
0.620000 0.116549 0.030067 1.078473 -0.080607 4.867312 -0.292039
0.620000 0.128390 0.028025 1.083039 -0.078300 4.534778 -0.272087
0.620000 0.144114 0.025431 1.088441 -0.075396 4.111232 -0.246674
0.620000 0.160008 0.022933 1.093144 -0.072586 3.702893 -0.222174
0.620000 0.176049 0.020530 1.097156 -0.069849 3.309767 -0.198586
0.620000 0.192214 0.018218 1.100497 -0.067176 2.931382 -0.175883
0.620000 0.216388 0.014947 1.104241 -0.063288 2.396107 -0.143766
0.620000 0.240715 0.011869 1.106646 -0.059528 1.892276 -0.113537
0.620000 0.265127 0.008980 1.107835 -0.055933 1.419190 -0.085151
0.620000 0.289568 0.006268 1.107844 -0.052454 0.975327 -0.058520
0.620000 0.311788 0.003948 1.106865 -0.049357 0.595848 -0.035751
0.620000 0.333943 0.001767 1.105042 -0.046362 0.239188 -0.014351
0.620000 0.355998 -0.000280 1.102432 -0.043468 -0.095555 0.005733
0.620000 0.377917 -0.002198 1.099089 -0.040676 -0.409034 0.024542
0.620000 0.407829 -0.004637 1.093383 -0.036993 -0.807586 0.048455
0.620000 0.437345 -0.006850 1.086518 -0.033499 -1.169082 0.070145
0.620000 0.466395 -0.008848 1.078620 -0.030193 -1.495090 0.089705
0.620000 0.494920 -0.010643 1.069810 -0.027072 -1.788115 0.107287
0.620000 0.525154 -0.012375 1.059322 -0.023853 -2.069990 0.124199
0.620000 0.554647 -0.013895 1.048035 -0.020852 -2.317608 0.139056
0.620000 0.583349 -0.015218 1.036114 -0.018106 -2.534020 0.152041
0.620000 0.611217 -0.016358 1.023566 -0.015503 -2.719951 0.163197
0.620000 0.625847 -0.016899 1.016574 -0.014141 -2.807563 0.168454
0.620000 0.640219 -0.017393 1.009472 -0.012843 -2.887327 0.173240
0.620000 0.654330 -0.017839 1.002265 -0.011598 -2.959532 0.177572
0.620000 0.668175 -0.018242 0.994970 -0.010407 -3.024529 0.181472
0.620000 0.681752 -0.018601 0.987602 -0.009272 -3.082654 0.184959
0.620000 0.695059 -0.018920 0.980166 -0.008184 -3.134129 0.188048
0.620000 0.708092 -0.019200 0.972676 -0.007141 -3.179212 0.190753
0.620000 0.720851 -0.019443 0.965141 -0.006143 -3.218181 0.193091
0.620000 0.737932 -0.019719 0.954737 -0.004839 -3.262237 0.195734
0.620000 0.754489 -0.019931 0.944298 -0.003615 -3.295892 0.197754
0.620000 0.770521 -0.020083 0.933854 -0.002469 -3.319795 0.199188
0.620000 0.786029 -0.020180 0.923427 -0.001396 -3.334561 0.200074
0.620000 0.803858 -0.020227 0.911031 -0.000207 -3.341044 0.200463
0.620000 0.820945 -0.020207 0.898726 0.000884 -3.336344 0.200181
0.620000 0.837298 -0.020123 0.886541 0.001886 -3.321406 0.199284
0.620000 0.852925 -0.019982 0.874507 0.002798 -3.297097 0.197826
0.620000 0.866156 -0.019814 0.864006 0.003534 -3.268450 0.196107
0.620000 0.878835 -0.019608 0.853660 0.004208 -3.233695 0.194022
0.620000 0.890969 -0.019368 0.843485 0.004821 -3.193352 0.191601
0.620000 0.902567 -0.019097 0.833492 0.005377 -3.147952 0.188877
0.620000 0.915531 -0.018743 0.821993 0.005962 -3.088757 0.185325
0.620000 0.927786 -0.018355 0.810779 0.006477 -3.023980 0.181439
0.620000 0.939351 -0.017936 0.799866 0.006925 -2.954346 0.177261
0.620000 0.950244 -0.017491 0.789263 0.007312 -2.880473 0.172828
0.620000 0.961523 -0.016974 0.777926 0.007670 -2.794702 0.167682
0.620000 0.972033 -0.016435 0.766990 0.007964 -2.705264 0.162316
0.620000 0.981803 -0.015877 0.756460 0.008201 -2.612804 0.156768
0.620000 0.990862 -0.015305 0.746350 0.008379 -2.518107 0.151086
0.620000 0.997148 -0.014874 0.739114 0.008475 -2.446716 0.146803
0.620000 1.003069 -0.014438 0.732109 0.008546 -2.374647 0.142479
0.620000 1.008637 -0.013999 0.725340 0.008588 -2.302141 0.138128
0.620000 1.013864 -0.013558 0.718800 0.008609 -2.229369 0.133762
0.620000 1.018762 -0.013117 0.712489 0.008610 -2.156495 0.129390
0.620000 1.023343 -0.012676 0.706407 0.008592 -2.083720 0.125023
0.620000 1.027618 -0.012237 0.700550 0.008556 -2.011207 0.120672
0.620000 1.031599 -0.011800 0.694918 0.008502 -1.939108 0.116346
0.620000 1.035823 -0.011303 0.688726 0.008420 -1.857012 0.111421
0.620000 1.039691 -0.010810 0.682822 0.008317 -1.775835 0.106550
0.620000 1.043220 -0.010324 0.677204 0.008196 -1.695735 0.101744
0.620000 1.046427 -0.009846 0.671863 0.008059 -1.616904 0.097014
0.620000 1.049547 -0.009339 0.666397 0.007897 -1.533314 0.091999
0.620000 1.052329 -0.008842 0.661239 0.007721 -1.451524 0.087091
0.620000 1.054794 -0.008358 0.656380 0.007535 -1.371719 0.082303
0.620000 1.056960 -0.007885 0.651813 0.007339 -1.293926 0.077636
0.620000 1.058927 -0.007404 0.647333 0.007122 -1.214754 0.072885
0.620000 1.060606 -0.006938 0.643151 0.006897 -1.137976 0.068279
0.620000 1.062016 -0.006486 0.639257 0.006667 -1.063528 0.063812
0.620000 1.063176 -0.006050 0.635644 0.006428 -0.991728 0.059504
0.620000 1.063889 -0.005736 0.633130 0.006247 -0.940096 0.056406
0.620000 1.064480 -0.005430 0.630757 0.006067 -0.889933 0.053396
0.620000 1.064957 -0.005134 0.628525 0.005883 -0.841304 0.050478
0.620000 1.065327 -0.004847 0.626425 0.005701 -0.794141 0.047648
0.620000 1.065596 -0.004569 0.624452 0.005520 -0.748404 0.044904
0.620000 1.065770 -0.004300 0.622605 0.005339 -0.704150 0.042249
0.620000 1.065856 -0.004040 0.620877 0.005161 -0.661364 0.039682
0.620000 1.065859 -0.003789 0.619266 0.004983 -0.620054 0.037203
0.620000 1.065780 -0.003534 0.617697 0.004796 -0.578300 0.034698
0.620000 1.065622 -0.003290 0.616246 0.004610 -0.538145 0.032289
0.620000 1.065392 -0.003055 0.614909 0.004426 -0.499565 0.029974
0.620000 1.065094 -0.002829 0.613679 0.004244 -0.462548 0.027753
0.620000 1.064704 -0.002596 0.612466 0.004052 -0.424260 0.025456
0.620000 1.064249 -0.002374 0.611366 0.003863 -0.387736 0.023264
0.620000 1.063736 -0.002162 0.610375 0.003679 -0.352955 0.021177
0.620000 1.063169 -0.001960 0.609487 0.003499 -0.319862 0.019192
0.620000 1.062486 -0.001748 0.608617 0.003303 -0.285062 0.017104
0.620000 1.061751 -0.001548 0.607860 0.003112 -0.252242 0.015135
0.620000 1.060973 -0.001360 0.607210 0.002927 -0.221321 0.013279
0.620000 1.060157 -0.001183 0.606660 0.002746 -0.192285 0.011537
0.620000 1.059226 -0.001001 0.606161 0.002557 -0.162511 0.009751
0.620000 1.058266 -0.000833 0.605767 0.002374 -0.134863 0.008092
0.620000 1.057281 -0.000676 0.605471 0.002196 -0.109334 0.006560
0.620000 1.056279 -0.000532 0.605260 0.002027 -0.085710 0.005143
0.620000 1.055695 -0.000454 0.605173 0.001935 -0.072862 0.004372
0.620000 1.055108 -0.000379 0.605113 0.001845 -0.060619 0.003637
0.620000 1.054519 -0.000308 0.605077 0.001756 -0.048959 0.002938
0.620000 1.053929 -0.000240 0.605064 0.001670 -0.037874 0.002272
0.620000 1.053339 -0.000176 0.605073 0.001585 -0.027356 0.001641
0.620000 1.052750 -0.000115 0.605103 0.001503 -0.017378 0.001043
0.620000 1.052162 -0.000057 0.605152 0.001423 -0.007924 0.000475
0.620000 1.051577 -0.000002 0.605219 0.001346 0.001022 -0.000061
0.620000 1.050785 0.000067 0.605338 0.001245 0.012417 -0.000745
0.620000 1.050000 0.000132 0.605485 0.001148 0.022936 -0.001376
0.620000 1.049223 0.000191 0.605659 0.001055 0.032615 -0.001957
0.620000 1.048457 0.000245 0.605857 0.000967 0.041495 -0.002490
0.620000 1.047554 0.000304 0.606123 0.000866 0.051125 -0.003067
0.620000 1.046670 0.000357 0.606416 0.000771 0.059721 -0.003583
0.620000 1.045805 0.000404 0.606732 0.000682 0.067345 -0.004041
0.620000 1.044961 0.000445 0.607070 0.000598 0.074053 -0.004443
0.620000 1.044139 0.000481 0.607425 0.000519 0.079898 -0.004794
0.620000 1.043341 0.000512 0.607795 0.000446 0.084936 -0.005096
0.620000 1.042567 0.000538 0.608178 0.000376 0.089219 -0.005353
0.620000 1.041818 0.000561 0.608570 0.000311 0.092796 -0.005568
0.620000 1.041151 0.000577 0.608938 0.000256 0.095514 -0.005731
0.620000 1.040506 0.000591 0.609310 0.000204 0.097713 -0.005863
0.620000 1.039882 0.000602 0.609685 0.000157 0.099424 -0.005965
0.620000 1.039282 0.000610 0.610061 0.000113 0.100689 -0.006041
0.620000 1.038784 0.000614 0.610384 0.000077 0.101442 -0.006087
0.620000 1.038304 0.000618 0.610708 0.000044 0.101907 -0.006114
0.620000 1.037839 0.000619 0.611030 0.000012 0.102108 -0.006126
0.620000 1.037391 0.000619 0.611350 -0.000017 0.102057 -0.006123
0.620000 1.036959 0.000617 0.611668 -0.000044 0.101772 -0.006106
0.620000 1.036543 0.000614 0.611982 -0.000069 0.101272 -0.006076
0.620000 1.036143 0.000610 0.612293 -0.000091 0.100571 -0.006034
0.620000 1.035759 0.000605 0.612600 -0.000113 0.099687 -0.005981
0.620000 1.035278 0.000597 0.612996 -0.000138 0.098272 -0.005896
0.620000 1.034822 0.000587 0.613384 -0.000160 0.096600 -0.005796
0.620000 1.034393 0.000575 0.613763 -0.000179 0.094707 -0.005682
0.620000 1.033988 0.000563 0.614132 -0.000197 0.092613 -0.005557
0.620000 1.033688 0.000552 0.614414 -0.000208 0.090841 -0.005450
0.620000 1.033402 0.000541 0.614689 -0.000219 0.088974 -0.005338
0.620000 1.033130 0.000529 0.614958 -0.000228 0.087020 -0.005221
0.620000 1.032872 0.000517 0.615220 -0.000237 0.084994 -0.005100
0.620000 1.032628 0.000504 0.615474 -0.000243 0.082909 -0.004975
0.620000 1.032397 0.000492 0.615721 -0.000249 0.080771 -0.004846
0.620000 1.032179 0.000478 0.615961 -0.000253 0.078589 -0.004715
0.620000 1.031973 0.000465 0.616193 -0.000257 0.076373 -0.004582
0.620000 1.031754 0.000450 0.616448 -0.000260 0.073819 -0.004429
0.620000 1.031549 0.000434 0.616694 -0.000262 0.071241 -0.004274
0.620000 1.031359 0.000418 0.616930 -0.000264 0.068651 -0.004119
0.620000 1.031183 0.000403 0.617156 -0.000264 0.066054 -0.003963
0.620000 1.031008 0.000386 0.617388 -0.000263 0.063275 -0.003796
0.620000 1.030848 0.000369 0.617610 -0.000262 0.060507 -0.003630
0.620000 1.030702 0.000352 0.617820 -0.000259 0.057754 -0.003465
0.620000 1.030569 0.000336 0.618020 -0.000255 0.055036 -0.003302
0.620000 1.030450 0.000320 0.618207 -0.000251 0.052388 -0.003143
0.620000 1.030342 0.000304 0.618385 -0.000247 0.049787 -0.002987
0.620000 1.030246 0.000288 0.618552 -0.000242 0.047252 -0.002835
0.620000 1.030159 0.000273 0.618711 -0.000237 0.044764 -0.002686
0.620000 1.030082 0.000258 0.618861 -0.000232 0.042321 -0.002539
0.620000 1.030015 0.000244 0.619002 -0.000226 0.039932 -0.002396
0.620000 1.029956 0.000230 0.619136 -0.000220 0.037575 -0.002255
0.620000 1.029905 0.000216 0.619260 -0.000214 0.035295 -0.002118
0.620000 1.029875 0.000207 0.619339 -0.000209 0.033808 -0.002028
0.620000 1.029848 0.000198 0.619415 -0.000204 0.032353 -0.001941
0.620000 1.029824 0.000189 0.619487 -0.000199 0.030934 -0.001856
0.620000 1.029803 0.000181 0.619555 -0.000194 0.029547 -0.001773
0.620000 1.029786 0.000173 0.619621 -0.000189 0.028188 -0.001691
0.620000 1.029771 0.000165 0.619683 -0.000185 0.026862 -0.001612
0.620000 1.029758 0.000157 0.619742 -0.000180 0.025571 -0.001534
0.620000 1.029749 0.000149 0.619799 -0.000175 0.024314 -0.001459
0.620000 1.029739 0.000139 0.619868 -0.000169 0.022702 -0.001362
0.620000 1.029733 0.000130 0.619932 -0.000162 0.021150 -0.001269
0.620000 1.029731 0.000121 0.619992 -0.000156 0.019657 -0.001179
0.620000 1.029732 0.000112 0.620047 -0.000150 0.018224 -0.001093
0.620000 1.029737 0.000104 0.620098 -0.000143 0.016844 -0.001011
0.620000 1.029744 0.000096 0.620144 -0.000137 0.015523 -0.000931
0.620000 1.029753 0.000088 0.620187 -0.000131 0.014262 -0.000856
0.620000 1.029765 0.000081 0.620225 -0.000125 0.013058 -0.000783
