0.580000 0.000000 0.000000 0.580000 0.000000 -16.071800 0.964308
0.580000 -0.000000 0.000000 0.579950 0.000050 -16.070773 0.964246
0.580000 -0.000000 0.000000 0.579900 0.000100 -16.069746 0.964185
0.580000 -0.000000 0.000000 0.579849 0.000149 -16.068719 0.964123
0.580000 -0.000000 0.000000 0.579799 0.000199 -16.067692 0.964062
0.580000 -0.000000 0.000000 0.579548 0.000448 -16.062558 0.963753
0.580000 -0.000000 0.000000 0.579297 0.000697 -16.057424 0.963445
0.580000 -0.000000 0.000000 0.579046 0.000946 -16.052290 0.963137
0.580000 -0.000000 0.000000 0.578795 0.001194 -16.047158 0.962829
0.580000 -0.000000 0.000000 0.577542 0.002437 -16.021502 0.961290
0.580000 -0.000000 0.000000 0.576291 0.003677 -15.995859 0.959752
0.580000 -0.000001 0.000001 0.575042 0.004915 -15.970231 0.958214
0.580000 -0.000001 0.000001 0.573795 0.006151 -15.944615 0.956677
0.580000 -0.000004 0.000004 0.567590 0.012303 -15.816741 0.949004
0.580000 -0.000009 0.000008 0.561435 0.018405 -15.689205 0.941352
0.580000 -0.000015 0.000015 0.555328 0.024458 -15.562007 0.933720
0.580000 -0.000024 0.000024 0.549272 0.030463 -15.435146 0.926109
0.580000 -0.000094 0.000093 0.519716 0.059764 -14.805920 0.888355
0.580000 -0.000208 0.000207 0.491353 0.087883 -14.185159 0.851110
0.580000 -0.000366 0.000362 0.464154 0.114851 -13.572869 0.814372
0.580000 -0.000564 0.000559 0.438089 0.140697 -12.969053 0.778143
0.580000 -0.001514 0.001501 0.357986 0.220155 -10.990388 0.659423
0.580000 -0.002850 0.002826 0.289469 0.288180 -9.108337 0.546500
0.580000 -0.004514 0.004477 0.231552 0.345769 -7.322288 0.439337
0.580000 -0.006454 0.006402 0.183309 0.393852 -5.631342 0.337881
0.580000 -0.009678 0.009605 0.128500 0.448740 -3.332312 0.199939
0.580000 -0.013255 0.013163 0.089975 0.487720 -1.227191 0.073631
0.580000 -0.017071 0.016964 0.065468 0.513057 0.691455 -0.041487
0.580000 -0.021026 0.020912 0.052900 0.526830 2.432168 -0.145930
0.580000 -0.026230 0.026124 0.051302 0.530537 4.442750 -0.266565
0.580000 -0.031383 0.031308 0.063056 0.521483 6.193843 -0.371631
0.580000 -0.036372 0.036357 0.085073 0.502721 7.709791 -0.462587
0.580000 -0.041105 0.041185 0.114702 0.476866 9.013057 -0.540783
0.580000 -0.046282 0.046526 0.156599 0.440055 10.309822 -0.618589
0.580000 -0.050943 0.051413 0.203308 0.399031 11.373109 -0.682387
0.580000 -0.055048 0.055814 0.252673 0.355878 12.233028 -0.733982
0.580000 -0.058572 0.059709 0.303002 0.312222 12.914148 -0.774849
0.580000 -0.061788 0.063430 0.358448 0.264639 13.486361 -0.809182
0.580000 -0.064297 0.066549 0.412448 0.218898 13.892993 -0.833580
0.580000 -0.066128 0.069098 0.464232 0.175690 14.157901 -0.849474
0.580000 -0.067307 0.071108 0.513217 0.135527 14.301211 -0.858073
0.580000 -0.067880 0.072677 0.561168 0.097016 14.340281 -0.860417
0.580000 -0.067830 0.073750 0.605502 0.062249 14.284743 -0.857085
0.580000 -0.067206 0.074380 0.646181 0.031204 14.151623 -0.849097
0.580000 -0.066057 0.074615 0.683184 0.003847 13.955855 -0.837351
0.580000 -0.064574 0.074523 0.714035 -0.018155 13.731779 -0.823907
0.580000 -0.062726 0.074174 0.741981 -0.037311 13.475141 -0.808508
0.580000 -0.060547 0.073603 0.767184 -0.053807 13.193978 -0.791639
0.580000 -0.058071 0.072843 0.789794 -0.067816 12.895310 -0.773719
0.580000 -0.055260 0.071899 0.810421 -0.079768 12.577827 -0.754670
0.580000 -0.052201 0.070817 0.828734 -0.089552 12.253640 -0.735218
0.580000 -0.048922 0.069623 0.844954 -0.097399 11.927117 -0.715627
0.580000 -0.045449 0.068340 0.859279 -0.103517 11.601880 -0.696113
0.580000 -0.040942 0.066669 0.874589 -0.108969 11.207763 -0.672466
0.580000 -0.036213 0.064929 0.887717 -0.112507 10.823399 -0.649404
0.580000 -0.031292 0.063145 0.899017 -0.114491 10.451055 -0.627063
0.580000 -0.026207 0.061342 0.908782 -0.115214 10.092349 -0.605541
0.580000 -0.019780 0.059128 0.919044 -0.114765 9.672439 -0.580346
0.580000 -0.013169 0.056933 0.927851 -0.113264 9.273472 -0.556408
0.580000 -0.006399 0.054773 0.935565 -0.111064 8.893989 -0.533639
0.580000 0.000511 0.052660 0.942459 -0.108430 8.532918 -0.511975
0.580000 0.010199 0.049851 0.951007 -0.104502 8.064915 -0.483895
0.580000 0.020104 0.047147 0.958793 -0.100487 7.622857 -0.457371
0.580000 0.030214 0.044539 0.966019 -0.096555 7.201383 -0.432083
0.580000 0.040512 0.042032 0.972867 -0.092865 6.798346 -0.407901
0.580000 0.049503 0.039956 0.978540 -0.089959 6.465181 -0.387911
0.580000 0.058621 0.037943 0.983990 -0.087257 6.141934 -0.368516
0.580000 0.067861 0.035989 0.989199 -0.084730 5.827535 -0.349652
0.580000 0.077218 0.034090 0.994173 -0.082370 5.521239 -0.331274
0.580000 0.088102 0.031973 0.999594 -0.079848 5.178585 -0.310715
0.580000 0.099123 0.029920 1.004658 -0.077471 4.845342 -0.290721
0.580000 0.110272 0.027927 1.009340 -0.075199 4.521218 -0.271273
0.580000 0.121539 0.025992 1.013639 -0.073017 4.205885 -0.252353
0.580000 0.136525 0.023531 1.018713 -0.070260 3.803881 -0.228233
0.580000 0.151674 0.021163 1.023109 -0.067591 3.416659 -0.205000
0.580000 0.166962 0.018887 1.026836 -0.064989 3.044193 -0.182652
0.580000 0.182366 0.016698 1.029916 -0.062450 2.686019 -0.161161
0.580000 0.205483 0.013596 1.033331 -0.058744 2.178155 -0.130689
0.580000 0.228741 0.010680 1.035450 -0.055165 1.700885 -0.102053
0.580000 0.252072 0.007947 1.036395 -0.051747 1.253457 -0.075207
0.580000 0.275422 0.005387 1.036203 -0.048442 0.834399 -0.050064
0.580000 0.296722 0.003192 1.035075 -0.045493 0.475422 -0.028525
0.580000 0.317951 0.001133 1.033130 -0.042644 0.138709 -0.008323
0.580000 0.339072 -0.000796 1.030424 -0.039894 -0.176654 0.010599
0.580000 0.360050 -0.002599 1.027014 -0.037243 -0.471308 0.028278
0.580000 0.387103 -0.004765 1.021604 -0.033941 -0.825378 0.049523
0.580000 0.413797 -0.006736 1.015197 -0.030803 -1.147224 0.068833
0.580000 0.440072 -0.008519 1.007900 -0.027829 -1.438195 0.086292
0.580000 0.465878 -0.010126 0.999812 -0.025017 -1.700363 0.102022
0.580000 0.494256 -0.011734 0.989862 -0.022009 -1.962208 0.117732
0.580000 0.521928 -0.013144 0.979166 -0.019206 -2.191807 0.131508
0.580000 0.548845 -0.014368 0.967876 -0.016636 -2.391913 0.143515
0.580000 0.574970 -0.015420 0.956010 -0.014207 -2.563448 0.153807
0.580000 0.588817 -0.015924 0.949339 -0.012928 -2.644960 0.158698
0.580000 0.602415 -0.016381 0.942564 -0.011708 -2.718961 0.163138
0.580000 0.615759 -0.016795 0.935690 -0.010538 -2.785735 0.167144
0.580000 0.628847 -0.017165 0.928733 -0.009420 -2.845620 0.170737
0.580000 0.641674 -0.017496 0.921709 -0.008354 -2.898935 0.173936
0.580000 0.654240 -0.017787 0.914624 -0.007333 -2.945909 0.176755
0.580000 0.666541 -0.018041 0.907490 -0.006356 -2.986794 0.179208
0.580000 0.678576 -0.018260 0.900317 -0.005422 -3.021861 0.181312
0.580000 0.694738 -0.018506 0.890379 -0.004199 -3.061155 0.183669
0.580000 0.710390 -0.018692 0.880416 -0.003052 -3.090505 0.185430
0.580000 0.725532 -0.018820 0.870454 -0.001981 -3.110551 0.186633
0.580000 0.740163 -0.018896 0.860515 -0.000980 -3.121895 0.187314
0.580000 0.757194 -0.018921 0.848546 0.000141 -3.124811 0.187489
0.580000 0.773486 -0.018880 0.836679 0.001166 -3.116842 0.187011
0.580000 0.789045 -0.018778 0.824941 0.002103 -3.098948 0.185937
0.580000 0.803882 -0.018621 0.813366 0.002953 -3.072010 0.184321
0.580000 0.816384 -0.018440 0.803307 0.003633 -3.041414 0.182485
0.580000 0.828340 -0.018224 0.793409 0.004252 -3.005013 0.180301
0.580000 0.839759 -0.017976 0.783688 0.004812 -2.963323 0.177799
0.580000 0.850651 -0.017698 0.774156 0.005317 -2.916880 0.175013
0.580000 0.861908 -0.017367 0.764018 0.005809 -2.861543 0.171693
0.580000 0.872569 -0.017008 0.754128 0.006241 -2.801738 0.168104
0.580000 0.882648 -0.016624 0.744498 0.006620 -2.738040 0.164282
0.580000 0.892163 -0.016220 0.735137 0.006946 -2.670932 0.160256
0.580000 0.903985 -0.015655 0.723103 0.007303 -2.577212 0.154633
0.580000 0.914873 -0.015064 0.711567 0.007585 -2.479303 0.148758
0.580000 0.924866 -0.014453 0.700536 0.007803 -2.377999 0.142680
0.580000 0.934005 -0.013828 0.690032 0.007947 -2.274549 0.136473
0.580000 0.938453 -0.013498 0.684757 0.007994 -2.220028 0.133202
0.580000 0.942686 -0.013166 0.679622 0.008028 -2.165217 0.129913
0.580000 0.946709 -0.012833 0.674628 0.008048 -2.110239 0.126614
0.580000 0.950527 -0.012500 0.669775 0.008055 -2.055159 0.123310
0.580000 0.954148 -0.012166 0.665060 0.008052 -2.000050 0.120003
0.580000 0.957576 -0.011833 0.660486 0.008036 -1.945023 0.116701
0.580000 0.960818 -0.011500 0.656050 0.008008 -1.890163 0.113410
0.580000 0.963879 -0.011169 0.651752 0.007970 -1.835545 0.110133
0.580000 0.968003 -0.010694 0.645771 0.007896 -1.757028 0.105422
0.580000 0.971776 -0.010223 0.640071 0.007803 -1.679359 0.100762
0.580000 0.975215 -0.009758 0.634647 0.007693 -1.602701 0.096162
0.580000 0.978338 -0.009300 0.629496 0.007567 -1.527239 0.091634
0.580000 0.982403 -0.008639 0.622364 0.007362 -1.418167 0.085090
0.580000 0.985862 -0.007997 0.615797 0.007127 -1.312470 0.078748
0.580000 0.988762 -0.007377 0.609780 0.006858 -1.210634 0.072638
0.580000 0.991153 -0.006781 0.604266 0.006584 -1.112619 0.066757
0.580000 0.992064 -0.006524 0.601965 0.006464 -1.070199 0.064212
0.580000 0.992886 -0.006272 0.599761 0.006339 -1.028608 0.061716
0.580000 0.993623 -0.006024 0.597650 0.006212 -0.987848 0.059271
0.580000 0.994279 -0.005782 0.595632 0.006082 -0.947949 0.056877
0.580000 0.994857 -0.005545 0.593704 0.005949 -0.908934 0.054536
0.580000 0.995361 -0.005313 0.591862 0.005815 -0.870792 0.052247
0.580000 0.995794 -0.005086 0.590105 0.005680 -0.833522 0.050011
0.580000 0.996159 -0.004865 0.588430 0.005545 -0.797131 0.047828
0.580000 0.996581 -0.004548 0.586102 0.005345 -0.745023 0.044701
0.580000 0.996873 -0.004242 0.583941 0.005145 -0.694835 0.041690
0.580000 0.997043 -0.003949 0.581941 0.004946 -0.646571 0.038794
0.580000 0.997102 -0.003667 0.580095 0.004747 -0.600215 0.036013
0.580000 0.997041 -0.003353 0.578135 0.004518 -0.548746 0.032925
0.580000 0.996854 -0.003055 0.576362 0.004293 -0.499804 0.029988
0.580000 0.996553 -0.002773 0.574765 0.004073 -0.453345 0.027201
0.580000 0.996150 -0.002505 0.573337 0.003856 -0.409335 0.024560
0.580000 0.995764 -0.002302 0.572317 0.003686 -0.376105 0.022566
0.580000 0.995326 -0.002109 0.571392 0.003519 -0.344366 0.020662
0.580000 0.994841 -0.001924 0.570559 0.003354 -0.314086 0.018845
0.580000 0.994314 -0.001749 0.569811 0.003193 -0.285240 0.017114
0.580000 0.993748 -0.001581 0.569143 0.003037 -0.257790 0.015467
0.580000 0.993149 -0.001422 0.568552 0.002884 -0.231704 0.013902
0.580000 0.992520 -0.001271 0.568034 0.002737 -0.206957 0.012417
0.580000 0.991865 -0.001128 0.567585 0.002592 -0.183502 0.011010
0.580000 0.991127 -0.000981 0.567170 0.002440 -0.159402 0.009564
0.580000 0.990367 -0.000843 0.566827 0.002291 -0.136747 0.008205
0.580000 0.989588 -0.000713 0.566552 0.002148 -0.115479 0.006929
0.580000 0.988796 -0.000592 0.566340 0.002009 -0.095570 0.005734
0.580000 0.987906 -0.000467 0.566173 0.001862 -0.075048 0.004503
0.580000 0.987008 -0.000351 0.566071 0.001721 -0.056068 0.003364
0.580000 0.986105 -0.000244 0.566031 0.001585 -0.038591 0.002315
0.580000 0.985201 -0.000146 0.566045 0.001457 -0.022506 0.001350
0.580000 0.984511 -0.000076 0.566089 0.001362 -0.011090 0.000665
0.580000 0.983824 -0.000011 0.566162 0.001271 -0.000429 0.000026
0.580000 0.983142 0.000050 0.566259 0.001184 0.009516 -0.000571
0.580000 0.982465 0.000107 0.566380 0.001100 0.018758 -0.001125
0.580000 0.981794 0.000159 0.566522 0.001019 0.027318 -0.001639
0.580000 0.981131 0.000208 0.566685 0.000941 0.035233 -0.002114
0.580000 0.980476 0.000252 0.566865 0.000866 0.042529 -0.002552
0.580000 0.979831 0.000293 0.567062 0.000795 0.049233 -0.002954
0.580000 0.979161 0.000333 0.567286 0.000723 0.055698 -0.003342
0.580000 0.978503 0.000369 0.567524 0.000655 0.061563 -0.003694
0.580000 0.977858 0.000401 0.567775 0.000590 0.066857 -0.004011
0.580000 0.977226 0.000431 0.568038 0.000529 0.071608 -0.004296
0.580000 0.976548 0.000459 0.568339 0.000464 0.076234 -0.004574
0.580000 0.975888 0.000484 0.568650 0.000404 0.080273 -0.004816
0.580000 0.975246 0.000506 0.568970 0.000347 0.083762 -0.005026
0.580000 0.974622 0.000524 0.569297 0.000293 0.086731 -0.005204
0.580000 0.973936 0.000541 0.569676 0.000236 0.089521 -0.005371
0.580000 0.973274 0.000555 0.570060 0.000183 0.091722 -0.005503
0.580000 0.972638 0.000565 0.570446 0.000135 0.093374 -0.005602
0.580000 0.972027 0.000573 0.570835 0.000090 0.094529 -0.005672
0.580000 0.971374 0.000577 0.571269 0.000044 0.095266 -0.005716
0.580000 0.970753 0.000579 0.571700 0.000003 0.095495 -0.005730
0.580000 0.970163 0.000578 0.572127 -0.000033 0.095299 -0.005718
0.580000 0.969604 0.000574 0.572549 -0.000067 0.094667 -0.005680
0.580000 0.969307 0.000571 0.572781 -0.000085 0.094129 -0.005648
0.580000 0.969019 0.000567 0.573010 -0.000101 0.093483 -0.005609
0.580000 0.968741 0.000563 0.573236 -0.000116 0.092733 -0.005564
0.580000 0.968472 0.000558 0.573460 -0.000130 0.091892 -0.005513
0.580000 0.968212 0.000553 0.573681 -0.000143 0.090967 -0.005458
0.580000 0.967960 0.000547 0.573898 -0.000155 0.089961 -0.005398
0.580000 0.967717 0.000540 0.574112 -0.000166 0.088879 -0.005333
0.580000 0.967483 0.000533 0.574323 -0.000176 0.087727 -0.005264
0.580000 0.967169 0.000523 0.574613 -0.000189 0.086000 -0.005160
0.580000 0.966870 0.000512 0.574897 -0.000200 0.084161 -0.005050
0.580000 0.966588 0.000500 0.575172 -0.000210 0.082225 -0.004934
0.580000 0.966321 0.000488 0.575440 -0.000218 0.080204 -0.004812
0.580000 0.966005 0.000472 0.575768 -0.000227 0.077549 -0.004653
0.580000 0.965713 0.000455 0.576082 -0.000234 0.074801 -0.004488
0.580000 0.965442 0.000438 0.576384 -0.000240 0.071977 -0.004319
0.580000 0.965193 0.000421 0.576673 -0.000244 0.069102 -0.004146
0.580000 0.965010 0.000407 0.576892 -0.000246 0.066806 -0.004008
0.580000 0.964840 0.000393 0.577103 -0.000247 0.064498 -0.003870
0.580000 0.964681 0.000379 0.577305 -0.000247 0.062188 -0.003731
0.580000 0.964534 0.000365 0.577499 -0.000246 0.059880 -0.003593
0.580000 0.964397 0.000351 0.577686 -0.000245 0.057577 -0.003455
0.580000 0.964271 0.000337 0.577865 -0.000243 0.055289 -0.003317
0.580000 0.964154 0.000323 0.578036 -0.000241 0.053021 -0.003181
0.580000 0.964048 0.000310 0.578200 -0.000239 0.050776 -0.003047
0.580000 0.963949 0.000296 0.578356 -0.000235 0.048544 -0.002913
0.580000 0.963859 0.000283 0.578506 -0.000232 0.046345 -0.002781
0.580000 0.963778 0.000270 0.578647 -0.000227 0.044181 -0.002651
0.580000 0.963704 0.000257 0.578782 -0.000222 0.042059 -0.002524
0.580000 0.963637 0.000244 0.578911 -0.000217 0.039960 -0.002398
0.580000 0.963578 0.000232 0.579033 -0.000212 0.037910 -0.002275
0.580000 0.963525 0.000220 0.579148 -0.000207 0.035914 -0.002155
0.580000 0.963479 0.000208 0.579257 -0.000202 0.033968 -0.002038
0.580000 0.963437 0.000195 0.579366 -0.000196 0.031955 -0.001917
0.580000 0.963401 0.000184 0.579467 -0.000190 0.030002 -0.001800
0.580000 0.963371 0.000172 0.579562 -0.000184 0.028101 -0.001686
0.580000 0.963347 0.000161 0.579650 -0.000177 0.026269 -0.001576
0.580000 0.963329 0.000151 0.579729 -0.000171 0.024574 -0.001474
0.580000 0.963315 0.000141 0.579803 -0.000165 0.022942 -0.001377
0.580000 0.963305 0.000131 0.579870 -0.000158 0.021382 -0.001283
0.580000 0.963299 0.000122 0.579933 -0.000152 0.019881 -0.001193
0.580000 0.963297 0.000113 0.579990 -0.000145 0.018433 -0.001106
0.580000 0.963298 0.000105 0.580044 -0.000139 0.017043 -0.001023
0.580000 0.963302 0.000097 0.580094 -0.000134 0.015704 -0.000942
0.580000 0.963309 0.000089 0.580139 -0.000129 0.014424 -0.000865
0.580000 0.963313 0.000085 0.580158 -0.000126 0.013855 -0.000831
0.580000 0.963318 0.000082 0.580176 -0.000123 0.013298 -0.000798
0.580000 0.963323 0.000079 0.580194 -0.000120 0.012755 -0.000765
0.580000 0.963328 0.000075 0.580210 -0.000117 0.012223 -0.000733
