0.420000 0.000000 0.000000 0.420000 0.000000 -11.638200 0.698292
0.420000 -0.000000 0.000000 0.419950 0.000050 -11.637173 0.698230
0.420000 -0.000000 0.000000 0.419900 0.000100 -11.636146 0.698169
0.420000 -0.000000 0.000000 0.419849 0.000149 -11.635119 0.698107
0.420000 -0.000000 0.000000 0.419799 0.000199 -11.634092 0.698046
0.420000 -0.000000 0.000000 0.419548 0.000448 -11.628958 0.697737
0.420000 -0.000000 0.000000 0.419297 0.000697 -11.623825 0.697429
0.420000 -0.000000 0.000000 0.419046 0.000945 -11.618692 0.697122
0.420000 -0.000000 0.000000 0.418796 0.001194 -11.613560 0.696814
0.420000 -0.000000 0.000000 0.417544 0.002435 -11.587912 0.695275
0.420000 -0.000000 0.000000 0.416295 0.003673 -11.562282 0.693737
0.420000 -0.000001 0.000001 0.415048 0.004909 -11.536671 0.692200
0.420000 -0.000001 0.000001 0.413805 0.006142 -11.511079 0.690665
0.420000 -0.000005 0.000005 0.407628 0.012265 -11.383396 0.683004
0.420000 -0.000012 0.000012 0.401519 0.018321 -11.256181 0.675371
0.420000 -0.000021 0.000021 0.395478 0.024310 -11.129433 0.667766
0.420000 -0.000033 0.000032 0.389505 0.030232 -11.003151 0.660189
0.420000 -0.000128 0.000127 0.360633 0.058855 -10.378756 0.622725
0.420000 -0.000283 0.000281 0.333377 0.085879 -9.766056 0.585963
0.420000 -0.000495 0.000490 0.307681 0.111360 -9.165056 0.549903
0.420000 -0.000759 0.000752 0.283491 0.135353 -8.575752 0.514545
0.420000 -0.001676 0.001662 0.227025 0.191392 -7.091365 0.425482
0.420000 -0.002881 0.002858 0.179582 0.238537 -5.686156 0.341169
0.420000 -0.004327 0.004292 0.140328 0.277632 -4.359222 0.261553
0.420000 -0.005968 0.005922 0.108483 0.309460 -3.109390 0.186563
0.420000 -0.008597 0.008535 0.074211 0.343962 -1.443753 0.086625
0.420000 -0.011450 0.011375 0.051794 0.366910 0.071346 -0.004281
0.420000 -0.014442 0.014360 0.039447 0.380089 1.442828 -0.086570
0.420000 -0.017498 0.017417 0.035554 0.385108 2.678106 -0.160686
0.420000 -0.021380 0.021315 0.040554 0.381955 4.066016 -0.243961
0.420000 -0.025167 0.025138 0.054372 0.370422 5.264404 -0.315864
0.420000 -0.028781 0.028814 0.074851 0.352636 6.291192 -0.377472
0.420000 -0.032161 0.032285 0.100148 0.330409 7.162753 -0.429765
0.420000 -0.035806 0.036082 0.134314 0.300331 8.016542 -0.480993
0.420000 -0.039023 0.039502 0.171218 0.267940 8.699398 -0.521964
0.420000 -0.041792 0.042530 0.209381 0.234660 9.234051 -0.554043
0.420000 -0.044100 0.045159 0.247618 0.201620 9.639596 -0.578376
0.420000 -0.046061 0.047535 0.287685 0.167417 9.950127 -0.597008
0.420000 -0.047516 0.049482 0.326185 0.135023 10.151990 -0.609119
0.420000 -0.048491 0.051029 0.362664 0.104837 10.262438 -0.615746
0.420000 -0.049010 0.052202 0.396773 0.077160 10.296207 -0.617772
0.420000 -0.049103 0.053030 0.428203 0.052235 10.266466 -0.615988
0.420000 -0.048808 0.053555 0.457066 0.029931 10.185242 -0.611115
0.420000 -0.048161 0.053811 0.483397 0.010181 10.062667 -0.603760
0.420000 -0.047191 0.053829 0.507237 -0.007089 9.907524 -0.594451
0.420000 -0.045989 0.053651 0.527787 -0.021386 9.735703 -0.584142
0.420000 -0.044548 0.053310 0.546290 -0.033686 9.546726 -0.572804
0.420000 -0.042891 0.052830 0.562892 -0.044150 9.345407 -0.560724
0.420000 -0.041041 0.052232 0.577729 -0.052928 9.135866 -0.548152
0.420000 -0.038900 0.051493 0.591645 -0.060540 8.909339 -0.534560
0.420000 -0.036588 0.050665 0.603944 -0.066644 8.680587 -0.520835
0.420000 -0.034126 0.049767 0.614811 -0.071433 8.452094 -0.507126
0.420000 -0.031532 0.048815 0.624404 -0.075071 8.225888 -0.493553
0.420000 -0.028111 0.047563 0.634873 -0.078247 7.947589 -0.476855
0.420000 -0.024532 0.046270 0.643880 -0.080164 7.676994 -0.460620
0.420000 -0.020817 0.044954 0.651687 -0.081089 7.415066 -0.444904
0.420000 -0.016982 0.043629 0.658508 -0.081234 7.162522 -0.429751
0.420000 -0.011843 0.041914 0.666199 -0.080554 6.848768 -0.410926
0.420000 -0.006552 0.040220 0.672885 -0.079209 6.550089 -0.393005
0.420000 -0.001126 0.038558 0.678831 -0.077456 6.264927 -0.375896
0.420000 0.004420 0.036936 0.684228 -0.075477 5.992475 -0.359549
0.420000 0.011320 0.035022 0.690278 -0.072969 5.676476 -0.340589
0.420000 0.018371 0.033172 0.695885 -0.070467 5.374629 -0.322478
0.420000 0.025566 0.031382 0.701125 -0.068029 5.084495 -0.305070
0.420000 0.032892 0.029653 0.706083 -0.065727 4.805012 -0.288301
0.420000 0.039664 0.028132 0.710394 -0.063786 4.559261 -0.273556
0.420000 0.046534 0.026656 0.714494 -0.061959 4.320429 -0.259226
0.420000 0.053499 0.025220 0.718374 -0.060226 4.087968 -0.245278
0.420000 0.060553 0.023824 0.722038 -0.058584 3.861484 -0.231689
0.420000 0.069112 0.022202 0.726146 -0.056727 3.597588 -0.215855
0.420000 0.077782 0.020631 0.729923 -0.054953 3.341523 -0.200491
0.420000 0.086554 0.019108 0.733360 -0.053241 3.093114 -0.185587
0.420000 0.095418 0.017633 0.736462 -0.051583 2.852126 -0.171128
0.420000 0.107477 0.015720 0.740119 -0.049427 2.539135 -0.152348
0.420000 0.119662 0.013887 0.743182 -0.047332 2.239161 -0.134350
0.420000 0.131952 0.012134 0.745672 -0.045291 1.952089 -0.117125
0.420000 0.144326 0.010456 0.747614 -0.043301 1.677476 -0.100649
0.420000 0.161791 0.008227 0.749446 -0.040578 1.312485 -0.078749
0.420000 0.179328 0.006139 0.750318 -0.037953 0.970835 -0.058250
0.420000 0.196886 0.004190 0.750316 -0.035444 0.651731 -0.039104
0.420000 0.214420 0.002373 0.749480 -0.033024 0.354226 -0.021254
0.420000 0.231799 0.000689 0.747872 -0.030694 0.078923 -0.004735
0.420000 0.249075 -0.000874 0.745565 -0.028457 -0.176561 0.010594
0.420000 0.266211 -0.002321 0.742611 -0.026305 -0.413114 0.024787
0.420000 0.283176 -0.003658 0.739069 -0.024246 -0.631422 0.037885
0.420000 0.301947 -0.005029 0.734470 -0.022047 -0.855409 0.051325
0.420000 0.320427 -0.006273 0.729268 -0.019960 -1.058544 0.063513
0.420000 0.338581 -0.007396 0.723532 -0.017987 -1.241727 0.074504
0.420000 0.356381 -0.008405 0.717320 -0.016120 -1.406266 0.084376
0.420000 0.374377 -0.009335 0.710449 -0.014287 -1.557744 0.093465
0.420000 0.391941 -0.010157 0.703192 -0.012562 -1.691426 0.101486
0.420000 0.409051 -0.010876 0.695610 -0.010945 -1.808611 0.108517
0.420000 0.425687 -0.011500 0.687742 -0.009421 -1.909919 0.114595
0.420000 0.437008 -0.011880 0.682108 -0.008411 -1.971593 0.118296
0.420000 0.448086 -0.012219 0.676381 -0.007449 -2.026396 0.121584
0.420000 0.458918 -0.012518 0.670573 -0.006532 -2.074611 0.124477
0.420000 0.469500 -0.012778 0.664700 -0.005659 -2.116590 0.126995
0.420000 0.479830 -0.013002 0.658776 -0.004831 -2.152664 0.129160
0.420000 0.489906 -0.013191 0.652812 -0.004044 -2.183083 0.130985
0.420000 0.499727 -0.013348 0.646821 -0.003297 -2.208127 0.132488
0.420000 0.509291 -0.013474 0.640812 -0.002589 -2.228075 0.133684
0.420000 0.520682 -0.013588 0.633427 -0.001770 -2.245985 0.134759
0.420000 0.531687 -0.013660 0.626052 -0.001005 -2.257097 0.135426
0.420000 0.542305 -0.013694 0.618705 -0.000293 -2.261881 0.135713
0.420000 0.552539 -0.013692 0.611401 0.000368 -2.260771 0.135646
0.420000 0.564607 -0.013644 0.602496 0.001115 -2.251956 0.135117
0.420000 0.576104 -0.013550 0.593704 0.001792 -2.235629 0.134138
0.420000 0.587038 -0.013414 0.585047 0.002403 -2.212498 0.132750
0.420000 0.597418 -0.013241 0.576547 0.002951 -2.183270 0.130996
0.420000 0.606864 -0.013043 0.568553 0.003422 -2.150099 0.129006
0.420000 0.615822 -0.012818 0.560734 0.003841 -2.112448 0.126747
0.420000 0.624300 -0.012568 0.553101 0.004209 -2.070838 0.124250
0.420000 0.632312 -0.012297 0.545662 0.004532 -2.025729 0.121544
0.420000 0.639869 -0.012008 0.538427 0.004813 -1.977560 0.118654
0.420000 0.646985 -0.011702 0.531402 0.005054 -1.926761 0.115606
0.420000 0.653672 -0.011382 0.524590 0.005262 -1.873719 0.112423
0.420000 0.659945 -0.011051 0.518001 0.005433 -1.818807 0.109128
0.420000 0.665483 -0.010731 0.512006 0.005563 -1.765741 0.105944
0.420000 0.670677 -0.010403 0.506213 0.005665 -1.711594 0.102696
0.420000 0.675539 -0.010071 0.500628 0.005737 -1.656600 0.099396
0.420000 0.680081 -0.009734 0.495246 0.005787 -1.601025 0.096062
0.420000 0.683908 -0.009430 0.490570 0.005817 -1.550652 0.093039
0.420000 0.687494 -0.009124 0.486058 0.005830 -1.500112 0.090007
0.420000 0.690847 -0.008818 0.481709 0.005830 -1.449565 0.086974
0.420000 0.693976 -0.008512 0.477523 0.005816 -1.399103 0.083946
0.420000 0.696968 -0.008199 0.473389 0.005785 -1.347445 0.080847
0.420000 0.699741 -0.007888 0.469424 0.005742 -1.296129 0.077768
0.420000 0.702305 -0.007579 0.465626 0.005687 -1.245242 0.074715
0.420000 0.704669 -0.007274 0.461991 0.005620 -1.194913 0.071695
0.420000 0.707341 -0.006900 0.457694 0.005527 -1.133224 0.067993
0.420000 0.709733 -0.006533 0.453640 0.005418 -1.072693 0.064362
0.420000 0.711861 -0.006173 0.449827 0.005296 -1.013505 0.060810
0.420000 0.713741 -0.005822 0.446242 0.005166 -0.955696 0.057342
0.420000 0.714974 -0.005570 0.443747 0.005066 -0.914096 0.054846
0.420000 0.716087 -0.005322 0.441371 0.004961 -0.873340 0.052400
0.420000 0.717085 -0.005080 0.439108 0.004854 -0.833444 0.050007
0.420000 0.717975 -0.004843 0.436959 0.004743 -0.794455 0.047667
0.420000 0.718761 -0.004612 0.434921 0.004628 -0.756413 0.045385
0.420000 0.719450 -0.004387 0.432988 0.004511 -0.719318 0.043159
0.420000 0.720045 -0.004167 0.431160 0.004391 -0.683186 0.040991
0.420000 0.720553 -0.003953 0.429432 0.004270 -0.648031 0.038882
0.420000 0.721047 -0.003708 0.427510 0.004126 -0.607676 0.036461
0.420000 0.721433 -0.003471 0.425720 0.003982 -0.568714 0.034123
0.420000 0.721718 -0.003242 0.424054 0.003838 -0.531159 0.031870
0.420000 0.721909 -0.003023 0.422510 0.003693 -0.494999 0.029700
0.420000 0.722022 -0.002782 0.420889 0.003529 -0.455441 0.027326
0.420000 0.722031 -0.002552 0.419412 0.003365 -0.417683 0.025061
0.420000 0.721946 -0.002333 0.418073 0.003202 -0.381681 0.022901
0.420000 0.721777 -0.002125 0.416863 0.003040 -0.347469 0.020848
0.420000 0.721536 -0.001931 0.415795 0.002886 -0.315625 0.018937
0.420000 0.721229 -0.001747 0.414838 0.002735 -0.285451 0.017127
0.420000 0.720864 -0.001573 0.413987 0.002586 -0.256985 0.015419
0.420000 0.720446 -0.001409 0.413232 0.002442 -0.230063 0.013804
0.420000 0.720091 -0.001289 0.412714 0.002334 -0.210282 0.012617
0.420000 0.719711 -0.001174 0.412248 0.002227 -0.191400 0.011484
0.420000 0.719310 -0.001064 0.411831 0.002124 -0.173363 0.010402
0.420000 0.718888 -0.000959 0.411462 0.002022 -0.156195 0.009372
0.420000 0.718449 -0.000860 0.411140 0.001922 -0.139897 0.008394
0.420000 0.717995 -0.000766 0.410859 0.001825 -0.124418 0.007465
0.420000 0.717528 -0.000676 0.410621 0.001729 -0.109741 0.006584
0.420000 0.717049 -0.000591 0.410419 0.001636 -0.095836 0.005750
0.420000 0.716586 -0.000515 0.410259 0.001552 -0.083303 0.004998
0.420000 0.716115 -0.000442 0.410131 0.001470 -0.071427 0.004286
0.420000 0.715640 -0.000374 0.410030 0.001391 -0.060190 0.003611
0.420000 0.715160 -0.000309 0.409957 0.001314 -0.049573 0.002974
0.420000 0.714652 -0.000245 0.409908 0.001235 -0.039060 0.002344
0.420000 0.714143 -0.000184 0.409885 0.001158 -0.029190 0.001751
0.420000 0.713633 -0.000128 0.409887 0.001085 -0.019938 0.001196
0.420000 0.713123 -0.000075 0.409911 0.001014 -0.011284 0.000677
0.420000 0.712514 -0.000016 0.409968 0.000932 -0.001644 0.000099
0.420000 0.711908 0.000038 0.410054 0.000854 0.007201 -0.000432
0.420000 0.711309 0.000088 0.410164 0.000780 0.015285 -0.000917
0.420000 0.710717 0.000133 0.410297 0.000710 0.022650 -0.001359
0.420000 0.709962 0.000185 0.410501 0.000622 0.031181 -0.001871
0.420000 0.709223 0.000231 0.410733 0.000542 0.038648 -0.002319
0.420000 0.708505 0.000271 0.410990 0.000469 0.045152 -0.002709
0.420000 0.707807 0.000305 0.411269 0.000399 0.050712 -0.003043
0.420000 0.707454 0.000320 0.411422 0.000365 0.053234 -0.003194
0.420000 0.707107 0.000334 0.411579 0.000332 0.055534 -0.003332
0.420000 0.706766 0.000347 0.411739 0.000300 0.057618 -0.003457
0.420000 0.706432 0.000359 0.411902 0.000270 0.059500 -0.003570
0.420000 0.706105 0.000369 0.412068 0.000241 0.061190 -0.003671
0.420000 0.705785 0.000379 0.412237 0.000214 0.062694 -0.003762
0.420000 0.705472 0.000387 0.412407 0.000188 0.064019 -0.003841
0.420000 0.705166 0.000394 0.412580 0.000163 0.065174 -0.003910
0.420000 0.704747 0.000402 0.412824 0.000130 0.066523 -0.003991
0.420000 0.704343 0.000409 0.413070 0.000099 0.067571 -0.004054
0.420000 0.703953 0.000414 0.413317 0.000071 0.068342 -0.004100
0.420000 0.703577 0.000417 0.413564 0.000044 0.068852 -0.004131
0.420000 0.703159 0.000419 0.413849 0.000015 0.069143 -0.004149
0.420000 0.702760 0.000419 0.414132 -0.000010 0.069138 -0.004148
0.420000 0.702380 0.000418 0.414413 -0.000034 0.068862 -0.004132
0.420000 0.702018 0.000415 0.414690 -0.000056 0.068343 -0.004101
0.420000 0.701674 0.000410 0.414962 -0.000075 0.067606 -0.004056
0.420000 0.701349 0.000405 0.415230 -0.000092 0.066673 -0.004000
0.420000 0.701041 0.000398 0.415491 -0.000107 0.065569 -0.003934
0.420000 0.700750 0.000391 0.415746 -0.000120 0.064310 -0.003859
0.420000 0.700489 0.000383 0.415981 -0.000130 0.062987 -0.003779
0.420000 0.700244 0.000374 0.416211 -0.000140 0.061557 -0.003693
0.420000 0.700012 0.000365 0.416436 -0.000150 0.060037 -0.003602
0.420000 0.699795 0.000355 0.416654 -0.000158 0.058432 -0.003506
0.420000 0.699629 0.000347 0.416823 -0.000163 0.057091 -0.003425
0.420000 0.699472 0.000339 0.416988 -0.000167 0.055715 -0.003343
0.420000 0.699324 0.000331 0.417147 -0.000170 0.054304 -0.003258
0.420000 0.699183 0.000322 0.417302 -0.000172 0.052869 -0.003172
0.420000 0.699061 0.000314 0.417441 -0.000174 0.051533 -0.003092
0.420000 0.698945 0.000306 0.417576 -0.000176 0.050182 -0.003011
0.420000 0.698835 0.000297 0.417708 -0.000177 0.048822 -0.002929
0.420000 0.698731 0.000289 0.417835 -0.000178 0.047454 -0.002847
0.420000 0.698608 0.000279 0.417989 -0.000179 0.045719 -0.002743
0.420000 0.698494 0.000268 0.418138 -0.000178 0.043984 -0.002639
0.420000 0.698389 0.000258 0.418280 -0.000178 0.042250 -0.002535
0.420000 0.698292 0.000247 0.418416 -0.000177 0.040526 -0.002432
0.420000 0.698199 0.000236 0.418551 -0.000175 0.038751 -0.002325
0.420000 0.698114 0.000226 0.418679 -0.000173 0.036997 -0.002220
0.420000 0.698037 0.000215 0.418801 -0.000170 0.035271 -0.002116
0.420000 0.697967 0.000205 0.418917 -0.000167 0.033572 -0.002014
0.420000 0.697905 0.000195 0.419026 -0.000164 0.031901 -0.001914
0.420000 0.697848 0.000185 0.419130 -0.000160 0.030264 -0.001816
0.420000 0.697798 0.000175 0.419228 -0.000157 0.028662 -0.001720
0.420000 0.697754 0.000166 0.419321 -0.000154 0.027098 -0.001626
0.420000 0.697716 0.000157 0.419405 -0.000150 0.025638 -0.001538
0.420000 0.697684 0.000148 0.419483 -0.000146 0.024216 -0.001453
0.420000 0.697655 0.000140 0.419556 -0.000141 0.022832 -0.001370
0.420000 0.697631 0.000132 0.419625 -0.000136 0.021492 -0.001290
0.420000 0.697613 0.000124 0.419684 -0.000132 0.020318 -0.001219
0.420000 0.697598 0.000117 0.419739 -0.000128 0.019178 -0.001151
0.420000 0.697585 0.000111 0.419791 -0.000125 0.018076 -0.001085
0.420000 0.697576 0.000104 0.419840 -0.000121 0.017008 -0.001020
0.420000 0.697568 0.000098 0.419886 -0.000117 0.015967 -0.000958
0.420000 0.697563 0.000092 0.419928 -0.000113 0.014962 -0.000898
0.420000 0.697561 0.000086 0.419968 -0.000109 0.013989 -0.000839
0.420000 0.697560 0.000080 0.420005 -0.000105 0.013053 -0.000783
0.420000 0.697562 0.000073 0.420047 -0.000100 0.011923 -0.000715
0.420000 0.697566 0.000067 0.420086 -0.000095 0.010852 -0.000651
0.420000 0.697573 0.000061 0.420120 -0.000089 0.009846 -0.000591
0.420000 0.697582 0.000055 0.420151 -0.000085 0.008892 -0.000533
