0.800000 0.000000 0.000000 0.800000 0.000000 -22.168000 1.330080
0.800000 -0.000000 0.000000 0.799950 0.000050 -22.166973 1.330018
0.800000 -0.000000 0.000000 0.799900 0.000100 -22.165946 1.329957
0.800000 -0.000000 0.000000 0.799849 0.000149 -22.164919 1.329895
0.800000 -0.000000 0.000000 0.799799 0.000199 -22.163892 1.329834
0.800000 -0.000000 0.000000 0.799548 0.000448 -22.158757 1.329525
0.800000 -0.000000 0.000000 0.799297 0.000697 -22.153623 1.329217
0.800000 -0.000000 0.000000 0.799046 0.000946 -22.148489 1.328909
0.800000 -0.000000 0.000000 0.798795 0.001195 -22.143356 1.328601
0.800000 -0.000000 0.000000 0.797541 0.002438 -22.117695 1.327062
0.800000 -0.000000 0.000000 0.796289 0.003679 -22.092043 1.325523
0.800000 -0.000000 0.000000 0.795038 0.004919 -22.066401 1.323984
0.800000 -0.000001 0.000001 0.793788 0.006158 -22.040770 1.322446
0.800000 -0.000003 0.000003 0.787563 0.012330 -21.912757 1.314765
0.800000 -0.000006 0.000006 0.781373 0.018466 -21.784989 1.307099
0.800000 -0.000011 0.000011 0.775220 0.024566 -21.657466 1.299448
0.800000 -0.000017 0.000017 0.769102 0.030631 -21.530188 1.291811
0.800000 -0.000069 0.000068 0.739047 0.060426 -20.897477 1.253849
0.800000 -0.000153 0.000151 0.709869 0.089354 -20.270899 1.216254
0.800000 -0.000269 0.000267 0.681551 0.117428 -19.650459 1.179028
0.800000 -0.000416 0.000413 0.654079 0.144666 -19.036162 1.142170
0.800000 -0.001401 0.001389 0.543592 0.254236 -16.424413 0.985465
0.800000 -0.002888 0.002864 0.447731 0.349361 -13.930051 0.835803
0.800000 -0.004809 0.004769 0.365350 0.431198 -11.552867 0.693172
0.800000 -0.007099 0.007041 0.295376 0.500827 -9.292437 0.557546
0.800000 -0.011067 0.010981 0.212087 0.583989 -6.144206 0.368652
0.800000 -0.015557 0.015444 0.150956 0.645462 -3.247595 0.194856
0.800000 -0.020419 0.020283 0.109126 0.688110 -0.595043 0.035703
0.800000 -0.025522 0.025370 0.083924 0.714605 1.823257 -0.109395
0.800000 -0.032480 0.032324 0.071925 0.729045 4.693573 -0.281614
0.800000 -0.039455 0.039324 0.079751 0.724457 7.205767 -0.432346
0.800000 -0.046284 0.046212 0.102924 0.705280 9.395006 -0.563700
0.800000 -0.052832 0.052861 0.137577 0.675337 11.294190 -0.677651
0.800000 -0.060016 0.060225 0.188490 0.630791 13.192990 -0.791579
0.800000 -0.066582 0.067049 0.246823 0.579653 14.784154 -0.887049
0.800000 -0.072471 0.073281 0.309546 0.524861 16.108084 -0.966485
0.800000 -0.077640 0.078885 0.374355 0.468638 17.196134 -1.031768
0.800000 -0.082643 0.084509 0.448916 0.404597 18.184835 -1.091090
0.800000 -0.086691 0.089319 0.522394 0.342266 18.935931 -1.136156
0.800000 -0.089811 0.093347 0.593653 0.282664 19.479625 -1.168778
0.800000 -0.092032 0.096629 0.661875 0.226510 19.840603 -1.190436
0.800000 -0.093505 0.099492 0.734682 0.167722 20.055678 -1.203341
0.800000 -0.093953 0.101537 0.802581 0.114117 20.095552 -1.205733
0.800000 -0.093455 0.102844 0.865385 0.065768 19.987636 -1.199258
0.800000 -0.092079 0.103486 0.922945 0.022726 19.756411 -1.185385
0.800000 -0.090126 0.103552 0.970718 -0.011855 19.457926 -1.167476
0.800000 -0.087568 0.103188 1.014248 -0.042270 19.092339 -1.145540
0.800000 -0.084462 0.102449 1.053678 -0.068709 18.674286 -1.120457
0.800000 -0.080860 0.101385 1.089143 -0.091347 18.216930 -1.093016
0.800000 -0.076854 0.100057 1.120512 -0.110213 17.737000 -1.064220
0.800000 -0.072459 0.098504 1.148410 -0.125830 17.240151 -1.034409
0.800000 -0.067720 0.096767 1.173095 -0.138476 16.734954 -1.004097
0.800000 -0.062677 0.094881 1.194808 -0.148408 16.228665 -0.973720
0.800000 -0.056324 0.092489 1.217134 -0.157057 15.632544 -0.937953
0.800000 -0.049649 0.089984 1.236103 -0.162744 15.050693 -0.903042
0.800000 -0.042702 0.087412 1.252197 -0.165957 14.488278 -0.869297
0.800000 -0.035523 0.084806 1.265832 -0.167114 13.948908 -0.836934
0.800000 -0.026945 0.081778 1.279095 -0.166394 13.354506 -0.801270
0.800000 -0.018147 0.078778 1.290200 -0.164045 12.793814 -0.767629
0.800000 -0.009162 0.075830 1.299670 -0.160572 12.265298 -0.735918
0.800000 -0.000017 0.072953 1.307915 -0.156372 11.767281 -0.706037
0.800000 0.013795 0.068844 1.318644 -0.149531 11.080688 -0.664841
0.800000 0.027882 0.064920 1.328221 -0.142540 10.443572 -0.626614
0.800000 0.042231 0.061166 1.337097 -0.135788 9.843965 -0.590638
0.800000 0.056816 0.057586 1.345618 -0.129587 9.276850 -0.556611
0.800000 0.069047 0.054753 1.352544 -0.124994 8.829263 -0.529756
0.800000 0.081431 0.052016 1.359324 -0.120823 8.396244 -0.503775
0.800000 0.093966 0.049367 1.365915 -0.117015 7.975624 -0.478537
0.800000 0.106646 0.046798 1.372310 -0.113544 7.565924 -0.453955
0.800000 0.120614 0.044085 1.379033 -0.110112 7.130832 -0.427850
0.800000 0.134742 0.041453 1.385418 -0.106939 6.706566 -0.402394
0.800000 0.149020 0.038894 1.391411 -0.103954 6.292710 -0.377563
0.800000 0.163439 0.036406 1.396993 -0.101123 5.888827 -0.353330
0.800000 0.182732 0.033214 1.403724 -0.097555 5.368745 -0.322125
0.800000 0.202228 0.030135 1.409658 -0.094121 4.865890 -0.291953
0.800000 0.221901 0.027165 1.414789 -0.090781 4.380493 -0.262830
0.800000 0.241726 0.024301 1.419129 -0.087516 3.912041 -0.234722
0.800000 0.268712 0.020594 1.423748 -0.083177 3.305262 -0.198316
0.800000 0.295869 0.017073 1.427031 -0.078950 2.728964 -0.163738
0.800000 0.323137 0.013736 1.429087 -0.074872 2.182710 -0.130963
0.800000 0.350468 0.010575 1.429947 -0.070900 1.665286 -0.099917
0.800000 0.376627 0.007709 1.429683 -0.067167 1.196393 -0.071784
0.800000 0.402755 0.004995 1.428458 -0.063543 0.752604 -0.045156
0.800000 0.428814 0.002429 1.426334 -0.060030 0.333089 -0.019985
0.800000 0.454766 0.000008 1.423363 -0.056626 -0.062866 0.003772
0.800000 0.491262 -0.003186 1.417800 -0.051978 -0.584777 0.035087
0.800000 0.527388 -0.006112 1.410798 -0.047549 -1.062890 0.063773
0.800000 0.563062 -0.008782 1.402504 -0.043348 -1.498973 0.089938
0.800000 0.598212 -0.011210 1.393037 -0.039356 -1.895610 0.113737
0.800000 0.632775 -0.013412 1.382490 -0.035539 -2.254807 0.135288
0.800000 0.666691 -0.015394 1.371011 -0.031923 -2.578234 0.154694
0.800000 0.699906 -0.017170 1.358728 -0.028520 -2.868057 0.172083
0.800000 0.732377 -0.018751 1.345711 -0.025294 -3.125746 0.187545
0.800000 0.760156 -0.019982 1.333791 -0.022608 -3.326159 0.199570
0.800000 0.787310 -0.021079 1.321457 -0.020061 -3.504497 0.210270
0.800000 0.813820 -0.022049 1.308756 -0.017637 -3.661817 0.219709
0.800000 0.839669 -0.022898 1.295759 -0.015348 -3.799347 0.227961
0.800000 0.864843 -0.023632 1.282521 -0.013192 -3.918257 0.235095
0.800000 0.889330 -0.024258 1.269082 -0.011158 -4.019486 0.241169
0.800000 0.913121 -0.024783 1.255495 -0.009249 -4.104033 0.246242
0.800000 0.936210 -0.025211 1.241795 -0.007451 -4.172901 0.250374
0.800000 0.957954 -0.025542 1.228414 -0.005803 -4.225644 0.253539
0.800000 0.979030 -0.025793 1.215002 -0.004257 -4.265313 0.255919
0.800000 0.999435 -0.025969 1.201586 -0.002805 -4.292756 0.257565
0.800000 1.019170 -0.026075 1.188201 -0.001447 -4.308712 0.258523
0.800000 1.038168 -0.026115 1.174926 -0.000187 -4.313928 0.258836
0.800000 1.056508 -0.026095 1.161733 0.000986 -4.309235 0.258554
0.800000 1.074193 -0.026018 1.148645 0.002077 -4.295307 0.257718
0.800000 1.091229 -0.025889 1.135686 0.003088 -4.272830 0.256370
0.800000 1.113548 -0.025635 1.118160 0.004352 -4.229261 0.253756
0.800000 1.134680 -0.025298 1.100958 0.005479 -4.172384 0.250343
0.800000 1.154651 -0.024890 1.084122 0.006477 -4.103711 0.246223
0.800000 1.173485 -0.024417 1.067684 0.007357 -4.024568 0.241474
0.800000 1.188601 -0.023971 1.054068 0.008015 -3.950138 0.237008
0.800000 1.202937 -0.023489 1.040777 0.008598 -3.869850 0.232191
0.800000 1.216513 -0.022975 1.027821 0.009112 -3.784382 0.227063
0.800000 1.229348 -0.022434 1.015218 0.009557 -3.694437 0.221666
0.800000 1.241463 -0.021870 1.002977 0.009937 -3.600678 0.216041
0.800000 1.252880 -0.021284 0.991105 0.010257 -3.503647 0.210219
0.800000 1.263619 -0.020682 0.979613 0.010515 -3.403890 0.204233
0.800000 1.273704 -0.020066 0.968498 0.010722 -3.301944 0.198117
0.800000 1.283000 -0.019450 0.957939 0.010882 -3.200029 0.192002
0.800000 1.291705 -0.018827 0.947751 0.010998 -3.096867 0.185812
0.800000 1.299841 -0.018198 0.937930 0.011078 -2.992883 0.179573
0.800000 1.307428 -0.017566 0.928480 0.011119 -2.888396 0.173304
0.800000 1.314741 -0.016909 0.919068 0.011122 -2.779870 0.166792
0.800000 1.321509 -0.016253 0.910051 0.011090 -2.671520 0.160291
0.800000 1.327756 -0.015599 0.901426 0.011023 -2.563604 0.153816
0.800000 1.333504 -0.014950 0.893187 0.010926 -2.456526 0.147392
0.800000 1.338899 -0.014292 0.885135 0.010804 -2.347968 0.140878
0.800000 1.343819 -0.013642 0.877475 0.010657 -2.240810 0.134449
0.800000 1.348287 -0.013002 0.870200 0.010487 -2.135378 0.128123
0.800000 1.352326 -0.012373 0.863297 0.010298 -2.031731 0.121904
0.800000 1.355804 -0.011783 0.857047 0.010100 -1.934531 0.116072
0.800000 1.358931 -0.011205 0.851122 0.009889 -1.839287 0.110357
0.800000 1.361723 -0.010639 0.845510 0.009669 -1.746034 0.104762
0.800000 1.364201 -0.010087 0.840211 0.009436 -1.655016 0.099301
0.800000 1.366381 -0.009548 0.835213 0.009193 -1.566374 0.093982
0.800000 1.368280 -0.009024 0.830508 0.008941 -1.480126 0.088808
0.800000 1.369915 -0.008515 0.826095 0.008672 -1.396391 0.083783
0.800000 1.371303 -0.008021 0.821951 0.008403 -1.315162 0.078910
0.800000 1.372341 -0.007595 0.818486 0.008166 -1.245084 0.074705
0.800000 1.373205 -0.007181 0.815222 0.007927 -1.177029 0.070622
0.800000 1.373908 -0.006780 0.812148 0.007691 -1.111019 0.066661
0.800000 1.374457 -0.006391 0.809265 0.007453 -1.047057 0.062823
0.800000 1.374840 -0.006040 0.806750 0.007225 -0.989392 0.059364
0.800000 1.375106 -0.005700 0.804387 0.006998 -0.933520 0.056011
0.800000 1.375262 -0.005371 0.802173 0.006771 -0.879423 0.052765
0.800000 1.375315 -0.005053 0.800100 0.006545 -0.827108 0.049626
0.800000 1.375262 -0.004710 0.797944 0.006296 -0.770782 0.046247
0.800000 1.375099 -0.004380 0.795952 0.006049 -0.716638 0.042998
0.800000 1.374833 -0.004064 0.794117 0.005806 -0.664667 0.039880
0.800000 1.374473 -0.003760 0.792430 0.005566 -0.614821 0.036889
0.800000 1.373846 -0.003367 0.790363 0.005243 -0.550291 0.033017
0.800000 1.373077 -0.002997 0.788543 0.004928 -0.489554 0.029373
0.800000 1.372184 -0.002650 0.786954 0.004624 -0.432457 0.025947
0.800000 1.371184 -0.002324 0.785584 0.004327 -0.379004 0.022740
0.800000 1.370513 -0.002132 0.784835 0.004145 -0.347544 0.020853
0.800000 1.369811 -0.001949 0.784161 0.003967 -0.317417 0.019045
0.800000 1.369079 -0.001773 0.783558 0.003793 -0.288606 0.017316
0.800000 1.368322 -0.001605 0.783023 0.003623 -0.261066 0.015664
0.800000 1.367542 -0.001444 0.782552 0.003458 -0.234757 0.014085
0.800000 1.366742 -0.001291 0.782142 0.003297 -0.209665 0.012580
0.800000 1.365925 -0.001146 0.781791 0.003141 -0.185759 0.011146
0.800000 1.365093 -0.001007 0.781495 0.002988 -0.163009 0.009781
0.800000 1.363985 -0.000835 0.781187 0.002793 -0.134906 0.008094
0.800000 1.362861 -0.000675 0.780962 0.002606 -0.108666 0.006520
0.800000 1.361726 -0.000526 0.780816 0.002425 -0.084214 0.005053
0.800000 1.360585 -0.000387 0.780741 0.002252 -0.061490 0.003689
0.800000 1.359157 -0.000228 0.780740 0.002045 -0.035415 0.002125
0.800000 1.357732 -0.000083 0.780832 0.001849 -0.011800 0.000708
0.800000 1.356317 0.000047 0.781006 0.001665 0.009456 -0.000567
0.800000 1.354918 0.000164 0.781254 0.001491 0.028545 -0.001713
0.800000 1.353506 0.000270 0.781580 0.001320 0.045884 -0.002753
0.800000 1.352121 0.000365 0.781962 0.001163 0.061274 -0.003676
0.800000 1.350766 0.000448 0.782388 0.001024 0.075019 -0.004501
0.800000 1.349446 0.000520 0.782866 0.000888 0.086918 -0.005215
0.800000 1.348920 0.000547 0.783076 0.000830 0.091175 -0.005470
0.800000 1.348400 0.000572 0.783289 0.000777 0.095175 -0.005710
0.800000 1.347887 0.000595 0.783507 0.000726 0.098922 -0.005935
0.800000 1.347381 0.000617 0.783729 0.000677 0.102430 -0.006146
0.800000 1.346881 0.000637 0.783955 0.000631 0.105708 -0.006343
0.800000 1.346389 0.000656 0.784185 0.000586 0.108759 -0.006526
0.800000 1.345904 0.000673 0.784418 0.000542 0.111586 -0.006695
0.800000 1.345426 0.000689 0.784655 0.000500 0.114197 -0.006852
0.800000 1.344767 0.000710 0.784994 0.000443 0.117517 -0.007051
0.800000 1.344122 0.000728 0.785337 0.000388 0.120439 -0.007226
0.800000 1.343492 0.000743 0.785685 0.000337 0.122982 -0.007379
0.800000 1.342878 0.000757 0.786035 0.000287 0.125163 -0.007510
0.800000 1.342162 0.000770 0.786459 0.000231 0.127326 -0.007640
0.800000 1.341468 0.000781 0.786885 0.000179 0.129026 -0.007742
0.800000 1.340796 0.000789 0.787313 0.000129 0.130294 -0.007818
0.800000 1.340147 0.000795 0.787740 0.000083 0.131156 -0.007869
0.800000 1.339236 0.000799 0.788363 0.000022 0.131745 -0.007905
0.800000 1.338373 0.000798 0.788981 -0.000034 0.131600 -0.007896
0.800000 1.337556 0.000794 0.789592 -0.000084 0.130791 -0.007847
0.800000 1.336786 0.000785 0.790193 -0.000128 0.129401 -0.007764
0.800000 1.336310 0.000778 0.790576 -0.000153 0.128224 -0.007693
0.800000 1.335853 0.000770 0.790954 -0.000177 0.126847 -0.007611
0.800000 1.335415 0.000761 0.791325 -0.000199 0.125290 -0.007517
0.800000 1.334995 0.000751 0.791690 -0.000218 0.123564 -0.007414
0.800000 1.334593 0.000739 0.792049 -0.000236 0.121683 -0.007301
0.800000 1.334208 0.000727 0.792400 -0.000253 0.119665 -0.007180
0.800000 1.333841 0.000714 0.792744 -0.000267 0.117522 -0.007051
0.800000 1.333490 0.000701 0.793081 -0.000280 0.115268 -0.006916
0.800000 1.333056 0.000682 0.793509 -0.000295 0.112177 -0.006731
0.800000 1.332650 0.000663 0.793923 -0.000308 0.108943 -0.006537
0.800000 1.332270 0.000643 0.794323 -0.000318 0.105590 -0.006335
0.800000 1.331915 0.000622 0.794709 -0.000325 0.102144 -0.006129
0.800000 1.331551 0.000598 0.795119 -0.000332 0.098232 -0.005894
0.800000 1.331215 0.000574 0.795512 -0.000336 0.094261 -0.005656
0.800000 1.330907 0.000550 0.795887 -0.000339 0.090265 -0.005416
0.800000 1.330624 0.000526 0.796245 -0.000341 0.086243 -0.005175
0.800000 1.330396 0.000504 0.796545 -0.000340 0.082700 -0.004962
0.800000 1.330187 0.000483 0.796832 -0.000339 0.079163 -0.004750
0.800000 1.329995 0.000461 0.797104 -0.000336 0.075620 -0.004537
0.800000 1.329820 0.000440 0.797363 -0.000331 0.072125 -0.004327
0.800000 1.329682 0.000422 0.797576 -0.000327 0.069162 -0.004150
0.800000 1.329556 0.000404 0.797780 -0.000323 0.066240 -0.003974
0.800000 1.329440 0.000387 0.797974 -0.000317 0.063383 -0.003803
0.800000 1.329334 0.000370 0.798159 -0.000312 0.060567 -0.003634
0.800000 1.329255 0.000356 0.798304 -0.000307 0.058282 -0.003497
0.800000 1.329183 0.000342 0.798443 -0.000302 0.056034 -0.003362
0.800000 1.329116 0.000329 0.798577 -0.000297 0.053821 -0.003229
0.800000 1.329055 0.000316 0.798704 -0.000292 0.051650 -0.003099
0.800000 1.329000 0.000303 0.798826 -0.000286 0.049525 -0.002972
0.800000 1.328950 0.000290 0.798942 -0.000280 0.047443 -0.002847
0.800000 1.328906 0.000278 0.799053 -0.000274 0.045405 -0.002724
0.800000 1.328866 0.000266 0.799159 -0.000268 0.043412 -0.002605
0.800000 1.328820 0.000250 0.799292 -0.000260 0.040843 -0.002451
0.800000 1.328782 0.000235 0.799415 -0.000251 0.038355 -0.002301
0.800000 1.328751 0.000220 0.799531 -0.000243 0.035952 -0.002157
0.800000 1.328726 0.000206 0.799639 -0.000235 0.033630 -0.002018
0.800000 1.328703 0.000188 0.799773 -0.000223 0.030635 -0.001838
0.800000 1.328690 0.000171 0.799893 -0.000212 0.027786 -0.001667
0.800000 1.328685 0.000154 0.800001 -0.000200 0.025072 -0.001504
0.800000 1.328689 0.000139 0.800097 -0.000189 0.022514 -0.001351
0.800000 1.328696 0.000129 0.800152 -0.000181 0.020987 -0.001259
0.800000 1.328705 0.000120 0.800203 -0.000174 0.019518 -0.001171
0.800000 1.328716 0.000112 0.800250 -0.000167 0.018112 -0.001087
0.800000 1.328730 0.000103 0.800293 -0.000161 0.016761 -0.001006
