0.360000 0.000000 0.000000 0.360000 0.000000 -9.975600 0.598536
0.360000 -0.000000 0.000000 0.359950 0.000050 -9.974573 0.598474
0.360000 -0.000000 0.000000 0.359900 0.000100 -9.973546 0.598413
0.360000 -0.000000 0.000000 0.359849 0.000149 -9.972519 0.598351
0.360000 -0.000000 0.000000 0.359799 0.000199 -9.971492 0.598290
0.360000 -0.000000 0.000000 0.359548 0.000448 -9.966358 0.597981
0.360000 -0.000000 0.000000 0.359297 0.000697 -9.961225 0.597674
0.360000 -0.000000 0.000000 0.359046 0.000945 -9.956093 0.597366
0.360000 -0.000000 0.000000 0.358796 0.001194 -9.950961 0.597058
0.360000 -0.000000 0.000000 0.357545 0.002434 -9.925318 0.595519
0.360000 -0.000001 0.000001 0.356297 0.003671 -9.899696 0.593982
0.360000 -0.000001 0.000001 0.355052 0.004905 -9.874095 0.592446
0.360000 -0.000002 0.000002 0.353810 0.006136 -9.848517 0.590911
0.360000 -0.000006 0.000006 0.347650 0.012243 -9.720951 0.583257
0.360000 -0.000014 0.000014 0.341570 0.018271 -9.593929 0.575636
0.360000 -0.000024 0.000024 0.335568 0.024220 -9.467453 0.568047
0.360000 -0.000038 0.000038 0.329645 0.030092 -9.341521 0.560491
0.360000 -0.000149 0.000147 0.301181 0.058312 -8.720046 0.523203
0.360000 -0.000328 0.000325 0.274581 0.084688 -8.112218 0.486733
0.360000 -0.000570 0.000565 0.249769 0.109295 -7.518035 0.451082
0.360000 -0.000872 0.000864 0.226672 0.132208 -6.937484 0.416249
0.360000 -0.001773 0.001758 0.179508 0.179033 -5.648785 0.338927
0.360000 -0.002920 0.002896 0.140294 0.218028 -4.431953 0.265917
0.360000 -0.004271 0.004237 0.108264 0.249966 -3.285975 0.197158
0.360000 -0.005786 0.005742 0.082704 0.275566 -2.209590 0.132575
0.360000 -0.008171 0.008114 0.056051 0.302507 -0.786503 0.047190
0.360000 -0.010733 0.010666 0.039533 0.319584 0.502945 -0.030177
0.360000 -0.013394 0.013324 0.031561 0.328385 1.665401 -0.099924
0.360000 -0.016091 0.016024 0.030704 0.330334 2.707813 -0.162469
0.360000 -0.019459 0.019411 0.037808 0.324971 3.862806 -0.231768
0.360000 -0.022716 0.022708 0.052062 0.312837 4.854642 -0.291279
0.360000 -0.025800 0.025854 0.071644 0.295725 5.699052 -0.341943
0.360000 -0.028660 0.028805 0.095009 0.275155 6.410344 -0.384621
0.360000 -0.031714 0.032006 0.125861 0.247995 7.099627 -0.425978
0.360000 -0.034378 0.034864 0.158668 0.219240 7.643224 -0.458593
0.360000 -0.036640 0.037371 0.192209 0.190057 8.061043 -0.483663
0.360000 -0.038492 0.039523 0.225508 0.161377 8.369928 -0.502196
0.360000 -0.040000 0.041410 0.259463 0.132511 8.593644 -0.515619
0.360000 -0.041082 0.042937 0.291874 0.105376 8.730316 -0.523819
0.360000 -0.041761 0.044130 0.322409 0.080261 8.794304 -0.527658
0.360000 -0.042062 0.045015 0.350812 0.057379 8.797901 -0.527874
0.360000 -0.042013 0.045608 0.376406 0.037253 8.753323 -0.525199
0.360000 -0.041656 0.045961 0.399847 0.019313 8.670371 -0.520222
0.360000 -0.041019 0.046103 0.421187 0.003484 8.556849 -0.513411
0.360000 -0.040126 0.046059 0.440480 -0.010314 8.419502 -0.505170
0.360000 -0.039061 0.045865 0.457010 -0.021648 8.272043 -0.496323
0.360000 -0.037808 0.045546 0.471898 -0.031383 8.112449 -0.486747
0.360000 -0.036387 0.045120 0.485268 -0.039655 7.944251 -0.476655
0.360000 -0.034815 0.044602 0.497235 -0.046591 7.770463 -0.466228
0.360000 -0.032923 0.043944 0.508948 -0.052840 7.575291 -0.454517
0.360000 -0.030886 0.043212 0.519277 -0.057803 7.378883 -0.442733
0.360000 -0.028721 0.042422 0.528388 -0.061651 7.183219 -0.430993
0.360000 -0.026443 0.041588 0.536426 -0.064535 6.989911 -0.419395
0.360000 -0.023438 0.040494 0.545217 -0.067003 6.751978 -0.405119
0.360000 -0.020297 0.039368 0.552789 -0.068432 6.520877 -0.391253
0.360000 -0.017038 0.038225 0.559370 -0.069052 6.297245 -0.377835
0.360000 -0.013677 0.037077 0.565141 -0.069044 6.081583 -0.364895
0.360000 -0.009033 0.035547 0.571876 -0.068316 5.805310 -0.348319
0.360000 -0.004247 0.034040 0.577751 -0.067044 5.542292 -0.332538
0.360000 0.000663 0.032563 0.582997 -0.065452 5.290958 -0.317458
0.360000 0.005685 0.031123 0.587779 -0.063696 5.050625 -0.303038
0.360000 0.011528 0.029535 0.592820 -0.061649 4.789236 -0.287354
0.360000 0.017495 0.027997 0.597520 -0.059625 4.538609 -0.272317
0.360000 0.023580 0.026508 0.601925 -0.057660 4.297065 -0.257824
0.360000 0.029774 0.025067 0.606093 -0.055800 4.063813 -0.243829
0.360000 0.035713 0.023751 0.609842 -0.054165 3.850685 -0.231041
0.360000 0.041739 0.022472 0.613396 -0.052620 3.643514 -0.218611
0.360000 0.047849 0.021230 0.616745 -0.051149 3.441880 -0.206513
0.360000 0.054037 0.020021 0.619894 -0.049748 3.245480 -0.194729
0.360000 0.061625 0.018602 0.623444 -0.048141 3.014348 -0.180861
0.360000 0.069312 0.017229 0.626686 -0.046600 2.790294 -0.167418
0.360000 0.077088 0.015899 0.629615 -0.045107 2.573178 -0.154391
0.360000 0.084945 0.014612 0.632239 -0.043659 2.362796 -0.141768
0.360000 0.095786 0.012922 0.635340 -0.041744 2.086074 -0.125164
0.360000 0.106740 0.011306 0.637891 -0.039884 1.821493 -0.109290
0.360000 0.117783 0.009763 0.639913 -0.038073 1.568918 -0.094135
0.360000 0.128897 0.008291 0.641432 -0.036309 1.327918 -0.079675
0.360000 0.144008 0.006408 0.642718 -0.033985 1.019717 -0.061183
0.360000 0.159166 0.004648 0.643189 -0.031746 0.731584 -0.043895
0.360000 0.174329 0.003006 0.642917 -0.029605 0.462775 -0.027767
0.360000 0.189457 0.001477 0.641940 -0.027542 0.212531 -0.012752
0.360000 0.205162 -0.000003 0.640222 -0.025467 -0.029447 0.001767
0.360000 0.220753 -0.001369 0.637858 -0.023480 -0.252796 0.015168
0.360000 0.236196 -0.002628 0.634898 -0.021572 -0.458378 0.027503
0.360000 0.251458 -0.003782 0.631404 -0.019752 -0.646905 0.038814
0.360000 0.267409 -0.004898 0.627177 -0.017918 -0.829073 0.049744
0.360000 0.283095 -0.005908 0.622464 -0.016180 -0.993874 0.059632
0.360000 0.298488 -0.006816 0.617327 -0.014541 -1.142077 0.068525
0.360000 0.313565 -0.007630 0.611807 -0.012991 -1.274781 0.076487
0.360000 0.327721 -0.008328 0.606186 -0.011575 -1.388363 0.083302
0.360000 0.341550 -0.008947 0.600296 -0.010236 -1.489125 0.089348
0.360000 0.355038 -0.009493 0.594176 -0.008971 -1.577931 0.094676
0.360000 0.368173 -0.009969 0.587859 -0.007777 -1.655236 0.099314
0.360000 0.381552 -0.010398 0.581069 -0.006605 -1.724666 0.103480
0.360000 0.394522 -0.010758 0.574137 -0.005507 -1.782968 0.106978
0.360000 0.407075 -0.011055 0.567088 -0.004474 -1.830689 0.109841
0.360000 0.419206 -0.011293 0.559968 -0.003516 -1.868792 0.112128
0.360000 0.426743 -0.011416 0.555392 -0.002945 -1.888540 0.113312
0.360000 0.434105 -0.011518 0.550802 -0.002398 -1.904771 0.114286
0.360000 0.441292 -0.011599 0.546205 -0.001876 -1.917657 0.115059
0.360000 0.448303 -0.011661 0.541608 -0.001379 -1.927344 0.115641
0.360000 0.455140 -0.011705 0.537015 -0.000904 -1.933979 0.116039
0.360000 0.461801 -0.011730 0.532434 -0.000454 -1.937729 0.116264
0.360000 0.468289 -0.011740 0.527871 -0.000027 -1.938746 0.116325
0.360000 0.474602 -0.011733 0.523330 0.000377 -1.937172 0.116230
0.360000 0.481828 -0.011706 0.518009 0.000826 -1.932174 0.115930
0.360000 0.488816 -0.011659 0.512733 0.001245 -1.923989 0.115439
0.360000 0.495567 -0.011594 0.507509 0.001636 -1.912829 0.114770
0.360000 0.502085 -0.011512 0.502343 0.001999 -1.898901 0.113934
0.360000 0.511993 -0.011350 0.494247 0.002524 -1.871484 0.112289
0.360000 0.521326 -0.011152 0.486333 0.002987 -1.838296 0.110298
0.360000 0.530101 -0.010923 0.478620 0.003391 -1.800047 0.108003
0.360000 0.538330 -0.010667 0.471123 0.003740 -1.757409 0.105445
0.360000 0.546244 -0.010380 0.463649 0.004046 -1.709598 0.102576
0.360000 0.553617 -0.010072 0.456427 0.004302 -1.658428 0.099506
0.360000 0.560467 -0.009747 0.449466 0.004514 -1.604495 0.096270
0.360000 0.566814 -0.009408 0.442774 0.004683 -1.548297 0.092898
0.360000 0.572678 -0.009058 0.436356 0.004814 -1.490406 0.089424
0.360000 0.578079 -0.008700 0.430216 0.004909 -1.431151 0.085869
0.360000 0.583037 -0.008335 0.424358 0.004966 -1.370831 0.082250
0.360000 0.587574 -0.007968 0.418782 0.004992 -1.310071 0.078604
0.360000 0.591029 -0.007662 0.414367 0.004997 -1.259569 0.075574
0.360000 0.594220 -0.007357 0.410142 0.004985 -1.209175 0.072550
0.360000 0.597159 -0.007053 0.406108 0.004955 -1.159254 0.069555
0.360000 0.599857 -0.006752 0.402254 0.004916 -1.109616 0.066577
0.360000 0.601704 -0.006531 0.399519 0.004880 -1.073053 0.064383
0.360000 0.603430 -0.006311 0.396885 0.004836 -1.036821 0.062209
0.360000 0.605038 -0.006094 0.394346 0.004786 -1.000924 0.060055
0.360000 0.606534 -0.005879 0.391905 0.004730 -0.965459 0.057928
0.360000 0.607923 -0.005667 0.389561 0.004667 -0.930498 0.055830
0.360000 0.609207 -0.005457 0.387308 0.004599 -0.896027 0.053762
0.360000 0.610391 -0.005251 0.385148 0.004527 -0.862077 0.051725
0.360000 0.611480 -0.005048 0.383075 0.004451 -0.828676 0.049721
0.360000 0.612589 -0.004826 0.380863 0.004363 -0.792037 0.047522
0.360000 0.613588 -0.004608 0.378756 0.004272 -0.756147 0.045369
0.360000 0.614484 -0.004395 0.376753 0.004178 -0.721041 0.043262
0.360000 0.615281 -0.004186 0.374852 0.004081 -0.686737 0.041204
0.360000 0.616166 -0.003927 0.372560 0.003953 -0.644020 0.038641
0.360000 0.616908 -0.003676 0.370425 0.003821 -0.602692 0.036162
0.360000 0.617517 -0.003433 0.368439 0.003686 -0.562767 0.033766
0.360000 0.618002 -0.003199 0.366598 0.003550 -0.524294 0.031458
0.360000 0.618453 -0.002915 0.364460 0.003379 -0.477577 0.028655
0.360000 0.618738 -0.002646 0.362534 0.003204 -0.433281 0.025997
0.360000 0.618874 -0.002391 0.360813 0.003024 -0.391533 0.023492
0.360000 0.618876 -0.002151 0.359271 0.002852 -0.352060 0.021124
0.360000 0.618837 -0.002046 0.358627 0.002778 -0.334845 0.020091
0.360000 0.618774 -0.001944 0.358019 0.002703 -0.318108 0.019086
0.360000 0.618690 -0.001845 0.357445 0.002627 -0.301838 0.018110
0.360000 0.618585 -0.001749 0.356905 0.002552 -0.286042 0.017163
0.360000 0.618461 -0.001656 0.356398 0.002477 -0.270723 0.016243
0.360000 0.618318 -0.001566 0.355921 0.002402 -0.255863 0.015352
0.360000 0.618158 -0.001478 0.355474 0.002329 -0.241453 0.014487
0.360000 0.617983 -0.001393 0.355055 0.002256 -0.227490 0.013649
0.360000 0.617707 -0.001276 0.354507 0.002155 -0.208362 0.012502
0.360000 0.617403 -0.001165 0.354011 0.002055 -0.190107 0.011406
0.360000 0.617075 -0.001059 0.353567 0.001958 -0.172709 0.010363
0.360000 0.616724 -0.000958 0.353171 0.001863 -0.156146 0.009369
0.360000 0.616183 -0.000821 0.352680 0.001729 -0.133651 0.008019
0.360000 0.615608 -0.000694 0.352276 0.001600 -0.112798 0.006768
0.360000 0.615005 -0.000576 0.351951 0.001479 -0.093523 0.005611
0.360000 0.614381 -0.000468 0.351702 0.001362 -0.075757 0.004545
0.360000 0.614006 -0.000408 0.351588 0.001295 -0.066004 0.003960
0.360000 0.613627 -0.000352 0.351497 0.001230 -0.056739 0.003404
0.360000 0.613244 -0.000298 0.351427 0.001166 -0.047947 0.002877
0.360000 0.612858 -0.000247 0.351376 0.001104 -0.039615 0.002377
0.360000 0.612471 -0.000199 0.351344 0.001044 -0.031729 0.001904
0.360000 0.612082 -0.000153 0.351330 0.000987 -0.024275 0.001457
0.360000 0.611694 -0.000110 0.351331 0.000931 -0.017241 0.001034
0.360000 0.611305 -0.000070 0.351349 0.000877 -0.010611 0.000637
0.360000 0.610733 -0.000014 0.351401 0.000800 -0.001521 0.000091
0.360000 0.610165 0.000036 0.351481 0.000727 0.006753 -0.000405
0.360000 0.609604 0.000082 0.351588 0.000658 0.014258 -0.000855
0.360000 0.609050 0.000124 0.351717 0.000592 0.021028 -0.001262
0.360000 0.608563 0.000157 0.351850 0.000537 0.026488 -0.001589
0.360000 0.608084 0.000187 0.351997 0.000484 0.031423 -0.001885
0.360000 0.607615 0.000215 0.352158 0.000434 0.035856 -0.002151
0.360000 0.607155 0.000239 0.352330 0.000387 0.039818 -0.002389
0.360000 0.606706 0.000261 0.352512 0.000342 0.043336 -0.002600
0.360000 0.606267 0.000280 0.352702 0.000300 0.046434 -0.002786
0.360000 0.605841 0.000296 0.352899 0.000261 0.049136 -0.002948
0.360000 0.605426 0.000311 0.353102 0.000224 0.051467 -0.003088
0.360000 0.605024 0.000323 0.353310 0.000190 0.053443 -0.003207
0.360000 0.604635 0.000333 0.353522 0.000157 0.055093 -0.003306
0.360000 0.604258 0.000341 0.353738 0.000126 0.056443 -0.003387
0.360000 0.603894 0.000348 0.353955 0.000098 0.057505 -0.003450
0.360000 0.603561 0.000353 0.354161 0.000073 0.058266 -0.003496
0.360000 0.603240 0.000356 0.354368 0.000049 0.058806 -0.003528
0.360000 0.602931 0.000358 0.354574 0.000028 0.059136 -0.003548
0.360000 0.602633 0.000359 0.354779 0.000008 0.059278 -0.003557
0.360000 0.602345 0.000359 0.354985 -0.000010 0.059245 -0.003555
0.360000 0.602068 0.000358 0.355189 -0.000027 0.059049 -0.003543
0.360000 0.601803 0.000356 0.355391 -0.000043 0.058708 -0.003522
0.360000 0.601549 0.000353 0.355590 -0.000058 0.058226 -0.003494
0.360000 0.601264 0.000349 0.355821 -0.000073 0.057496 -0.003450
0.360000 0.600993 0.000344 0.356048 -0.000086 0.056604 -0.003396
0.360000 0.600738 0.000338 0.356270 -0.000099 0.055555 -0.003333
0.360000 0.600497 0.000331 0.356486 -0.000110 0.054387 -0.003263
0.360000 0.600334 0.000325 0.356636 -0.000116 0.053496 -0.003210
0.360000 0.600177 0.000320 0.356784 -0.000122 0.052555 -0.003153
0.360000 0.600028 0.000314 0.356928 -0.000127 0.051573 -0.003094
0.360000 0.599885 0.000307 0.357069 -0.000132 0.050550 -0.003033
0.360000 0.599749 0.000301 0.357207 -0.000136 0.049488 -0.002969
0.360000 0.599619 0.000294 0.357342 -0.000140 0.048396 -0.002904
0.360000 0.599496 0.000288 0.357473 -0.000144 0.047277 -0.002837
0.360000 0.599379 0.000281 0.357600 -0.000146 0.046136 -0.002768
0.360000 0.599242 0.000272 0.357754 -0.000149 0.044697 -0.002682
0.360000 0.599114 0.000263 0.357901 -0.000151 0.043236 -0.002594
0.360000 0.598995 0.000254 0.358043 -0.000152 0.041759 -0.002506
0.360000 0.598883 0.000245 0.358180 -0.000153 0.040272 -0.002416
0.360000 0.598759 0.000234 0.358339 -0.000153 0.038457 -0.002307
0.360000 0.598645 0.000223 0.358490 -0.000152 0.036648 -0.002199
0.360000 0.598542 0.000213 0.358633 -0.000151 0.034860 -0.002092
0.360000 0.598449 0.000202 0.358769 -0.000150 0.033085 -0.001985
0.360000 0.598363 0.000191 0.358900 -0.000147 0.031293 -0.001878
0.360000 0.598286 0.000180 0.359025 -0.000145 0.029514 -0.001771
0.360000 0.598218 0.000169 0.359142 -0.000143 0.027710 -0.001663
0.360000 0.598158 0.000159 0.359251 -0.000139 0.025969 -0.001558
0.360000 0.598130 0.000153 0.359304 -0.000136 0.025096 -0.001506
0.360000 0.598103 0.000148 0.359357 -0.000133 0.024233 -0.001454
0.360000 0.598079 0.000143 0.359407 -0.000131 0.023386 -0.001403
0.360000 0.598057 0.000138 0.359456 -0.000129 0.022549 -0.001353
0.360000 0.598036 0.000133 0.359503 -0.000127 0.021721 -0.001303
0.360000 0.598018 0.000128 0.359548 -0.000125 0.020906 -0.001254
0.360000 0.598001 0.000123 0.359591 -0.000122 0.020106 -0.001206
0.360000 0.597986 0.000118 0.359633 -0.000120 0.019322 -0.001159
0.360000 0.597967 0.000112 0.359687 -0.000117 0.018269 -0.001096
0.360000 0.597952 0.000106 0.359738 -0.000113 0.017247 -0.001035
0.360000 0.597939 0.000100 0.359785 -0.000110 0.016255 -0.000975
0.360000 0.597928 0.000094 0.359830 -0.000106 0.015295 -0.000918
0.360000 0.597919 0.000087 0.359883 -0.000102 0.014119 -0.000847
0.360000 0.597912 0.000080 0.359931 -0.000097 0.012994 -0.000780
0.360000 0.597909 0.000073 0.359975 -0.000093 0.011924 -0.000715
0.360000 0.597909 0.000067 0.360015 -0.000088 0.010903 -0.000654
0.360000 0.597911 0.000062 0.360048 -0.000084 0.010024 -0.000601
0.360000 0.597915 0.000057 0.360078 -0.000080 0.009185 -0.000551
0.360000 0.597920 0.000052 0.360105 -0.000077 0.008383 -0.000503
0.360000 0.597928 0.000047 0.360130 -0.000073 0.007620 -0.000457
