0.460000 0.000000 0.000000 0.460000 0.000000 -12.746600 0.764796
0.460000 -0.000000 0.000000 0.459950 0.000050 -12.745573 0.764734
0.460000 -0.000000 0.000000 0.459900 0.000100 -12.744546 0.764673
0.460000 -0.000000 0.000000 0.459849 0.000149 -12.743519 0.764611
0.460000 -0.000000 0.000000 0.459799 0.000199 -12.742492 0.764550
0.460000 -0.000000 0.000000 0.459548 0.000448 -12.737358 0.764241
0.460000 -0.000000 0.000000 0.459297 0.000697 -12.732224 0.763933
0.460000 -0.000000 0.000000 0.459046 0.000946 -12.727091 0.763625
0.460000 -0.000000 0.000000 0.458795 0.001194 -12.721959 0.763318
0.460000 -0.000000 0.000000 0.457543 0.002436 -12.696309 0.761779
0.460000 -0.000000 0.000000 0.456293 0.003674 -12.670675 0.760240
0.460000 -0.000001 0.000001 0.455046 0.004911 -12.645058 0.758703
0.460000 -0.000001 0.000001 0.453802 0.006145 -12.619459 0.757168
0.460000 -0.000005 0.000005 0.447616 0.012277 -12.491716 0.749503
0.460000 -0.000011 0.000011 0.441492 0.018348 -12.364399 0.741864
0.460000 -0.000019 0.000019 0.435431 0.024356 -12.237509 0.734251
0.460000 -0.000030 0.000030 0.429432 0.030304 -12.111045 0.726663
0.460000 -0.000117 0.000116 0.400345 0.059140 -11.485127 0.689108
0.460000 -0.000260 0.000258 0.372743 0.086507 -10.869886 0.652193
0.460000 -0.000455 0.000451 0.346579 0.112451 -10.265327 0.615920
0.460000 -0.000699 0.000693 0.321807 0.137019 -9.671451 0.580287
0.460000 -0.001625 0.001612 0.259282 0.199059 -8.060084 0.483605
0.460000 -0.002866 0.002842 0.206459 0.251535 -6.532503 0.391950
0.460000 -0.004369 0.004334 0.162460 0.295331 -5.087876 0.305273
0.460000 -0.006090 0.006043 0.126465 0.331272 -3.725094 0.223506
0.460000 -0.008874 0.008809 0.087083 0.370846 -1.899476 0.113969
0.460000 -0.011914 0.011835 0.060681 0.397761 -0.235428 0.014126
0.460000 -0.015119 0.015031 0.045350 0.413924 1.274129 -0.076448
0.460000 -0.018407 0.018317 0.039353 0.421068 2.636904 -0.158214
0.460000 -0.022626 0.022549 0.042818 0.419519 4.180296 -0.250818
0.460000 -0.026759 0.026717 0.056223 0.408505 5.516679 -0.331001
0.460000 -0.030721 0.030741 0.077182 0.390382 6.665496 -0.399930
0.460000 -0.034443 0.034555 0.103655 0.367159 7.644548 -0.458673
0.460000 -0.038477 0.038744 0.139886 0.335272 8.608802 -0.516528
0.460000 -0.042059 0.042535 0.179380 0.300593 9.385824 -0.563149
0.460000 -0.045165 0.045909 0.220484 0.264711 10.000202 -0.600012
0.460000 -0.047777 0.048855 0.261885 0.228886 10.472461 -0.628348
0.460000 -0.050047 0.051563 0.305910 0.191230 10.844509 -0.650671
0.460000 -0.051758 0.053796 0.348379 0.155411 11.093530 -0.665612
0.460000 -0.052938 0.055586 0.388756 0.121902 11.238570 -0.674314
0.460000 -0.053613 0.056960 0.426630 0.091059 11.295865 -0.677752
0.460000 -0.053813 0.057958 0.462064 0.062838 11.279290 -0.676757
0.460000 -0.053569 0.058608 0.494661 0.037525 11.201579 -0.672095
0.460000 -0.052922 0.058948 0.524440 0.015060 11.074502 -0.664470
0.460000 -0.051904 0.059015 0.551433 -0.004624 10.908292 -0.654498
0.460000 -0.050612 0.058852 0.574792 -0.021000 10.720271 -0.643216
0.460000 -0.049043 0.058498 0.595823 -0.035102 10.511213 -0.630673
0.460000 -0.047225 0.057982 0.614687 -0.047109 10.286898 -0.617214
0.460000 -0.045184 0.057329 0.631532 -0.057186 10.052288 -0.603137
0.460000 -0.042869 0.056534 0.646960 -0.065737 9.803863 -0.588232
0.460000 -0.040368 0.055640 0.660612 -0.072630 9.552464 -0.573148
0.460000 -0.037701 0.054667 0.672682 -0.078067 9.300949 -0.558057
0.460000 -0.034887 0.053632 0.683339 -0.082226 9.051657 -0.543099
0.460000 -0.031185 0.052272 0.694938 -0.085884 8.745459 -0.524728
0.460000 -0.027308 0.050865 0.704907 -0.088133 8.447587 -0.506855
0.460000 -0.023282 0.049432 0.713534 -0.089263 8.159247 -0.489555
0.460000 -0.019126 0.047987 0.721051 -0.089507 7.881323 -0.472879
0.460000 -0.013647 0.046145 0.729369 -0.088849 7.541676 -0.452501
0.460000 -0.008007 0.044324 0.736583 -0.087443 7.218472 -0.433108
0.460000 -0.002226 0.042535 0.742979 -0.085566 6.910144 -0.414609
0.460000 0.003681 0.040789 0.748767 -0.083423 6.615799 -0.396948
0.460000 0.011253 0.038665 0.755431 -0.080598 6.264589 -0.375875
0.460000 0.018992 0.036614 0.761587 -0.077766 5.929881 -0.355793
0.460000 0.026889 0.034632 0.767334 -0.075004 5.608694 -0.336522
0.460000 0.034932 0.032718 0.772774 -0.072400 5.299751 -0.317985
0.460000 0.042261 0.031060 0.777446 -0.070241 5.032199 -0.301932
0.460000 0.049696 0.029451 0.781900 -0.068214 4.772247 -0.286335
0.460000 0.057233 0.027886 0.786125 -0.066298 4.519246 -0.271155
0.460000 0.064865 0.026365 0.790125 -0.064488 4.272733 -0.256364
0.460000 0.074045 0.024612 0.794586 -0.062465 3.987914 -0.239275
0.460000 0.083343 0.022914 0.798704 -0.060539 3.711383 -0.222683
0.460000 0.092751 0.021268 0.802467 -0.058683 3.442938 -0.206576
0.460000 0.102258 0.019672 0.805878 -0.056890 3.182325 -0.190939
0.460000 0.115103 0.017614 0.809898 -0.054576 2.845791 -0.170747
0.460000 0.128086 0.015641 0.813299 -0.052329 2.522818 -0.151369
0.460000 0.141182 0.013750 0.816098 -0.050139 2.213308 -0.132798
0.460000 0.154371 0.011938 0.818320 -0.048003 1.916811 -0.115009
0.460000 0.173330 0.009485 0.820526 -0.045024 1.515145 -0.090909
0.460000 0.192377 0.007186 0.821681 -0.042151 1.138818 -0.068329
0.460000 0.211457 0.005037 0.821881 -0.039405 0.787018 -0.047221
0.460000 0.230522 0.003031 0.821167 -0.036756 0.458674 -0.027520
0.460000 0.248975 0.001214 0.819648 -0.034261 0.161533 -0.009692
0.460000 0.267330 -0.000478 0.817397 -0.031862 -0.115041 0.006902
0.460000 0.285554 -0.002050 0.814465 -0.029552 -0.371947 0.022317
0.460000 0.303611 -0.003506 0.810913 -0.027336 -0.609862 0.036592
0.460000 0.324346 -0.005059 0.806077 -0.024881 -0.863570 0.051814
0.460000 0.344772 -0.006470 0.800553 -0.022549 -1.093885 0.065633
0.460000 0.364849 -0.007744 0.794415 -0.020342 -1.301807 0.078108
0.460000 0.384545 -0.008891 0.787732 -0.018253 -1.488803 0.089328
0.460000 0.405165 -0.009984 0.780036 -0.016131 -1.666914 0.100015
0.460000 0.425280 -0.010947 0.771867 -0.014139 -1.823666 0.109420
0.460000 0.444863 -0.011788 0.763306 -0.012283 -1.960691 0.117641
0.460000 0.463888 -0.012513 0.754393 -0.010534 -2.078715 0.124723
0.460000 0.475811 -0.012922 0.748505 -0.009461 -2.144902 0.128694
0.460000 0.487491 -0.013288 0.742522 -0.008439 -2.204116 0.132247
0.460000 0.498924 -0.013613 0.736453 -0.007462 -2.256634 0.135398
0.460000 0.510108 -0.013899 0.730316 -0.006532 -2.302799 0.138168
0.460000 0.521040 -0.014148 0.724124 -0.005647 -2.342934 0.140576
0.460000 0.531717 -0.014362 0.717886 -0.004804 -2.377278 0.142637
0.460000 0.542138 -0.014542 0.711615 -0.004002 -2.406100 0.144366
0.460000 0.552303 -0.014690 0.705322 -0.003239 -2.429674 0.145780
0.460000 0.564828 -0.014834 0.697322 -0.002324 -2.452437 0.147146
0.460000 0.576939 -0.014932 0.689323 -0.001470 -2.467686 0.148061
0.460000 0.588634 -0.014987 0.681346 -0.000673 -2.475932 0.148556
0.460000 0.599917 -0.015003 0.673408 0.000069 -2.477642 0.148659
0.460000 0.613786 -0.014969 0.663311 0.000942 -2.471012 0.148261
0.460000 0.626988 -0.014879 0.653335 0.001732 -2.455328 0.147320
0.460000 0.639530 -0.014740 0.643507 0.002446 -2.431460 0.145888
0.460000 0.651424 -0.014555 0.633855 0.003085 -2.400259 0.144016
0.460000 0.662681 -0.014331 0.624398 0.003655 -2.362522 0.141751
0.460000 0.673317 -0.014071 0.615158 0.004158 -2.318979 0.139139
0.460000 0.683344 -0.013779 0.606156 0.004593 -2.270336 0.136220
0.460000 0.692781 -0.013460 0.597399 0.004972 -2.217252 0.133035
0.460000 0.700575 -0.013161 0.589936 0.005262 -2.167552 0.130053
0.460000 0.707940 -0.012846 0.582677 0.005513 -2.115290 0.126917
0.460000 0.714889 -0.012518 0.575623 0.005733 -2.060853 0.123651
0.460000 0.721432 -0.012179 0.568786 0.005917 -2.004534 0.120272
0.460000 0.726793 -0.011876 0.563031 0.006047 -1.954379 0.117263
0.460000 0.731867 -0.011567 0.557443 0.006154 -1.903263 0.114196
0.460000 0.736662 -0.011253 0.552024 0.006237 -1.851345 0.111081
0.460000 0.741187 -0.010936 0.546772 0.006301 -1.798832 0.107930
0.460000 0.745599 -0.010604 0.541507 0.006349 -1.743974 0.104638
0.460000 0.749740 -0.010270 0.536422 0.006378 -1.688806 0.101328
0.460000 0.753619 -0.009935 0.531516 0.006389 -1.633503 0.098010
0.460000 0.757245 -0.009600 0.526790 0.006384 -1.578187 0.094691
0.460000 0.761972 -0.009127 0.520394 0.006349 -1.500035 0.090002
0.460000 0.766236 -0.008656 0.514349 0.006288 -1.422463 0.085348
0.460000 0.770064 -0.008192 0.508644 0.006208 -1.345704 0.080742
0.460000 0.773481 -0.007734 0.503281 0.006103 -1.270178 0.076211
0.460000 0.775388 -0.007456 0.500152 0.006026 -1.224500 0.073470
0.460000 0.777155 -0.007183 0.497143 0.005943 -1.179421 0.070765
0.460000 0.778787 -0.006913 0.494257 0.005854 -1.135001 0.068100
0.460000 0.780290 -0.006647 0.491488 0.005760 -1.091264 0.065476
0.460000 0.781669 -0.006386 0.488834 0.005663 -1.048231 0.062894
0.460000 0.782929 -0.006129 0.486294 0.005561 -1.005955 0.060357
0.460000 0.784075 -0.005878 0.483865 0.005456 -0.964472 0.057868
0.460000 0.785113 -0.005631 0.481545 0.005346 -0.923806 0.055428
0.460000 0.786318 -0.005314 0.478665 0.005198 -0.871778 0.052307
0.460000 0.787355 -0.005007 0.475961 0.005046 -0.821243 0.049275
0.460000 0.788235 -0.004710 0.473430 0.004889 -0.772230 0.046334
0.460000 0.788969 -0.004421 0.471063 0.004729 -0.724787 0.043487
0.460000 0.789703 -0.004069 0.468290 0.004525 -0.666894 0.040014
0.460000 0.790235 -0.003733 0.465761 0.004318 -0.611610 0.036697
0.460000 0.790584 -0.003413 0.463463 0.004111 -0.559005 0.033540
0.460000 0.790767 -0.003108 0.461382 0.003906 -0.508960 0.030538
0.460000 0.790805 -0.002898 0.460008 0.003758 -0.474370 0.028462
0.460000 0.790770 -0.002695 0.458738 0.003611 -0.441113 0.026467
0.460000 0.790668 -0.002501 0.457566 0.003467 -0.409126 0.024548
0.460000 0.790504 -0.002314 0.456489 0.003323 -0.378469 0.022708
0.460000 0.790284 -0.002136 0.455504 0.003181 -0.349149 0.020949
0.460000 0.790012 -0.001965 0.454605 0.003041 -0.321110 0.019267
0.460000 0.789693 -0.001802 0.453792 0.002900 -0.294356 0.017661
0.460000 0.789331 -0.001646 0.453055 0.002764 -0.268830 0.016130
0.460000 0.788968 -0.001511 0.452446 0.002644 -0.246575 0.014795
0.460000 0.788575 -0.001381 0.451896 0.002526 -0.225302 0.013518
0.460000 0.788157 -0.001257 0.451401 0.002413 -0.204990 0.012299
0.460000 0.787714 -0.001139 0.450959 0.002301 -0.185620 0.011137
0.460000 0.787279 -0.001033 0.450591 0.002196 -0.168222 0.010093
0.460000 0.786827 -0.000932 0.450266 0.002094 -0.151625 0.009098
0.460000 0.786361 -0.000836 0.449982 0.001994 -0.135807 0.008148
0.460000 0.785882 -0.000744 0.449736 0.001897 -0.120751 0.007245
0.460000 0.785333 -0.000646 0.449503 0.001792 -0.104778 0.006287
0.460000 0.784774 -0.000554 0.449313 0.001690 -0.089705 0.005382
0.460000 0.784205 -0.000468 0.449164 0.001591 -0.075510 0.004531
0.460000 0.783629 -0.000386 0.449052 0.001496 -0.062157 0.003729
0.460000 0.782861 -0.000286 0.448958 0.001374 -0.045766 0.002746
0.460000 0.782089 -0.000194 0.448921 0.001259 -0.030731 0.001844
0.460000 0.781316 -0.000110 0.448934 0.001149 -0.016972 0.001018
0.460000 0.780545 -0.000034 0.448993 0.001044 -0.004451 0.000267
0.460000 0.780057 0.000011 0.449053 0.000980 0.002906 -0.000174
0.460000 0.779572 0.000054 0.449129 0.000918 0.009805 -0.000588
0.460000 0.779090 0.000093 0.449220 0.000859 0.016260 -0.000976
0.460000 0.778613 0.000130 0.449323 0.000801 0.022290 -0.001337
0.460000 0.778140 0.000164 0.449440 0.000746 0.027912 -0.001675
0.460000 0.777673 0.000196 0.449567 0.000693 0.033139 -0.001988
0.460000 0.777212 0.000226 0.449706 0.000642 0.037985 -0.002279
0.460000 0.776757 0.000254 0.449854 0.000593 0.042465 -0.002548
0.460000 0.776120 0.000289 0.450080 0.000526 0.048253 -0.002895
0.460000 0.775498 0.000321 0.450322 0.000464 0.053368 -0.003202
0.460000 0.774892 0.000348 0.450578 0.000405 0.057851 -0.003471
0.460000 0.774302 0.000372 0.450845 0.000349 0.061738 -0.003704
0.460000 0.773553 0.000398 0.451211 0.000282 0.066022 -0.003961
0.460000 0.772835 0.000419 0.451588 0.000220 0.069414 -0.004165
0.460000 0.772148 0.000435 0.451975 0.000164 0.071977 -0.004319
0.460000 0.771494 0.000447 0.452366 0.000114 0.073824 -0.004429
0.460000 0.771075 0.000452 0.452630 0.000083 0.074695 -0.004482
0.460000 0.770669 0.000456 0.452894 0.000054 0.075294 -0.004518
0.460000 0.770279 0.000458 0.453157 0.000028 0.075657 -0.004539
0.460000 0.769903 0.000459 0.453419 0.000003 0.075777 -0.004547
0.460000 0.769542 0.000459 0.453680 -0.000020 0.075664 -0.004540
0.460000 0.769196 0.000457 0.453938 -0.000041 0.075348 -0.004521
0.460000 0.768864 0.000454 0.454194 -0.000062 0.074834 -0.004490
0.460000 0.768546 0.000450 0.454446 -0.000080 0.074152 -0.004449
0.460000 0.768274 0.000446 0.454667 -0.000094 0.073423 -0.004405
0.460000 0.768014 0.000441 0.454885 -0.000108 0.072583 -0.004355
0.460000 0.767764 0.000435 0.455098 -0.000119 0.071641 -0.004298
0.460000 0.767525 0.000429 0.455308 -0.000130 0.070605 -0.004236
0.460000 0.767308 0.000423 0.455503 -0.000139 0.069542 -0.004173
0.460000 0.767099 0.000416 0.455695 -0.000148 0.068408 -0.004104
0.460000 0.766900 0.000409 0.455883 -0.000156 0.067212 -0.004033
0.460000 0.766710 0.000401 0.456067 -0.000163 0.065959 -0.003958
0.460000 0.766501 0.000392 0.456274 -0.000170 0.064451 -0.003867
0.460000 0.766303 0.000383 0.456475 -0.000176 0.062886 -0.003773
0.460000 0.766116 0.000373 0.456671 -0.000181 0.061270 -0.003676
0.460000 0.765940 0.000363 0.456860 -0.000185 0.059614 -0.003577
0.460000 0.765720 0.000349 0.457105 -0.000190 0.057343 -0.003441
0.460000 0.765517 0.000335 0.457339 -0.000193 0.055031 -0.003302
0.460000 0.765331 0.000321 0.457561 -0.000195 0.052702 -0.003162
0.460000 0.765161 0.000307 0.457774 -0.000195 0.050354 -0.003021
0.460000 0.765056 0.000297 0.457910 -0.000196 0.048773 -0.002926
0.460000 0.764957 0.000288 0.458042 -0.000195 0.047194 -0.002832
0.460000 0.764864 0.000278 0.458169 -0.000194 0.045618 -0.002737
0.460000 0.764777 0.000269 0.458291 -0.000193 0.044052 -0.002643
0.460000 0.764697 0.000259 0.458409 -0.000192 0.042500 -0.002550
0.460000 0.764622 0.000250 0.458522 -0.000190 0.040962 -0.002458
0.460000 0.764552 0.000241 0.458630 -0.000188 0.039441 -0.002366
0.460000 0.764488 0.000232 0.458735 -0.000185 0.037938 -0.002276
0.460000 0.764410 0.000220 0.458866 -0.000182 0.035969 -0.002158
0.460000 0.764340 0.000208 0.458991 -0.000178 0.034040 -0.002042
0.460000 0.764278 0.000196 0.459108 -0.000174 0.032156 -0.001929
0.460000 0.764224 0.000185 0.459219 -0.000170 0.030317 -0.001819
0.460000 0.764172 0.000173 0.459333 -0.000165 0.028352 -0.001701
0.460000 0.764128 0.000162 0.459439 -0.000159 0.026446 -0.001587
0.460000 0.764091 0.000151 0.459536 -0.000153 0.024591 -0.001475
0.460000 0.764061 0.000140 0.459625 -0.000147 0.022813 -0.001369
0.460000 0.764040 0.000131 0.459698 -0.000141 0.021321 -0.001279
0.460000 0.764023 0.000122 0.459765 -0.000136 0.019889 -0.001193
0.460000 0.764011 0.000114 0.459828 -0.000131 0.018539 -0.001112
0.460000 0.764002 0.000106 0.459887 -0.000127 0.017230 -0.001034
0.460000 0.763997 0.000099 0.459932 -0.000123 0.016149 -0.000969
0.460000 0.763995 0.000093 0.459975 -0.000118 0.015105 -0.000906
0.460000 0.763994 0.000087 0.460014 -0.000114 0.014084 -0.000845
0.460000 0.763996 0.000081 0.460050 -0.000110 0.013105 -0.000786
0.460000 0.763999 0.000075 0.460083 -0.000105 0.012206 -0.000732
0.460000 0.764004 0.000070 0.460113 -0.000101 0.011342 -0.000680
0.460000 0.764011 0.000065 0.460140 -0.000097 0.010518 -0.000631
0.460000 0.764019 0.000060 0.460165 -0.000092 0.009726 -0.000584
