0.820000 0.000000 0.000000 0.820000 0.000000 -22.722200 1.363332
0.820000 -0.000000 0.000000 0.819950 0.000050 -22.721173 1.363270
0.820000 -0.000000 0.000000 0.819900 0.000100 -22.720146 1.363209
0.820000 -0.000000 0.000000 0.819849 0.000149 -22.719119 1.363147
0.820000 -0.000000 0.000000 0.819799 0.000199 -22.718092 1.363086
0.820000 -0.000000 0.000000 0.819548 0.000448 -22.712957 1.362777
0.820000 -0.000000 0.000000 0.819297 0.000697 -22.707823 1.362469
0.820000 -0.000000 0.000000 0.819046 0.000946 -22.702689 1.362161
0.820000 -0.000000 0.000000 0.818795 0.001195 -22.697556 1.361853
0.820000 -0.000000 0.000000 0.817541 0.002438 -22.671894 1.360314
0.820000 -0.000000 0.000000 0.816289 0.003679 -22.646242 1.358775
0.820000 -0.000000 0.000000 0.815038 0.004920 -22.620600 1.357236
0.820000 -0.000001 0.000001 0.813788 0.006158 -22.594967 1.355698
0.820000 -0.000003 0.000003 0.807561 0.012331 -22.466945 1.348017
0.820000 -0.000006 0.000006 0.801369 0.018470 -22.339162 1.340350
0.820000 -0.000011 0.000011 0.795213 0.024573 -22.211619 1.332697
0.820000 -0.000017 0.000017 0.789091 0.030642 -22.084314 1.325059
0.820000 -0.000067 0.000066 0.759004 0.060469 -21.451378 1.287083
0.820000 -0.000149 0.000148 0.729772 0.089449 -20.824426 1.249466
0.820000 -0.000263 0.000260 0.701382 0.117595 -20.203463 1.212208
0.820000 -0.000407 0.000403 0.673818 0.144924 -19.588492 1.175310
0.820000 -0.001395 0.001383 0.560665 0.257137 -16.921243 1.015275
0.820000 -0.002894 0.002870 0.462394 0.354650 -14.373136 0.862388
0.820000 -0.004836 0.004796 0.377847 0.438634 -11.944001 0.716640
0.820000 -0.007156 0.007098 0.305939 0.510182 -9.633462 0.578008
0.820000 -0.011189 0.011102 0.220055 0.595920 -6.408974 0.384538
0.820000 -0.015758 0.015643 0.156854 0.659453 -3.441304 0.206478
0.820000 -0.020712 0.020573 0.113430 0.703693 -0.722919 0.043375
0.820000 -0.025916 0.025760 0.087058 0.731364 1.756088 -0.105365
0.820000 -0.033031 0.032871 0.074067 0.746826 4.704842 -0.282291
0.820000 -0.040170 0.040034 0.081506 0.742673 7.286234 -0.437174
0.820000 -0.047165 0.047088 0.104764 0.723477 9.536560 -0.572194
0.820000 -0.053877 0.053902 0.139853 0.693183 11.489817 -0.689389
0.820000 -0.061237 0.061444 0.191527 0.647990 13.442323 -0.806539
0.820000 -0.067972 0.068438 0.250837 0.596007 15.081146 -0.904869
0.820000 -0.074019 0.074833 0.314678 0.540249 16.447643 -0.986859
0.820000 -0.079335 0.080590 0.380694 0.482988 17.573756 -1.054425
0.820000 -0.084502 0.086388 0.456878 0.417561 18.602984 -1.116179
0.820000 -0.088693 0.091354 0.532013 0.353831 19.388600 -1.163316
0.820000 -0.091936 0.095521 0.604939 0.292841 19.961233 -1.197674
0.820000 -0.094257 0.098925 0.674821 0.235320 20.345826 -1.220750
0.820000 -0.095826 0.101922 0.750002 0.174612 20.582403 -1.234944
0.820000 -0.096330 0.104069 0.820168 0.119209 20.635148 -1.238109
0.820000 -0.095847 0.105448 0.885117 0.069195 20.532418 -1.231945
0.820000 -0.094451 0.106133 0.944686 0.024631 20.299586 -1.217975
0.820000 -0.092435 0.106215 0.994458 -0.011420 19.992317 -1.199539
0.820000 -0.089781 0.105843 1.039807 -0.043126 19.613024 -1.176781
0.820000 -0.086548 0.105075 1.080872 -0.070680 19.177353 -1.150641
0.820000 -0.082792 0.103964 1.117787 -0.094259 18.699409 -1.121965
0.820000 -0.078641 0.102586 1.150189 -0.113758 18.200704 -1.092042
0.820000 -0.074086 0.100973 1.178999 -0.129896 17.684019 -1.061041
0.820000 -0.069173 0.099169 1.204476 -0.142954 17.158433 -1.029506
0.820000 -0.063945 0.097211 1.226865 -0.153195 16.631645 -0.997899
0.820000 -0.057382 0.094735 1.249783 -0.162063 16.013537 -0.960812
0.820000 -0.050488 0.092145 1.269227 -0.167867 15.410458 -0.924627
0.820000 -0.043313 0.089485 1.285693 -0.171109 14.827884 -0.889673
0.820000 -0.035902 0.086792 1.299610 -0.172219 14.269631 -0.856178
0.820000 -0.027087 0.083677 1.313052 -0.171376 13.657593 -0.819456
0.820000 -0.018049 0.080593 1.324277 -0.168858 13.080853 -0.784851
0.820000 -0.008824 0.077565 1.333822 -0.165186 12.537816 -0.752269
0.820000 0.000563 0.074611 1.342111 -0.160769 12.026694 -0.721602
0.820000 0.014741 0.070394 1.352882 -0.153594 11.322660 -0.679360
0.820000 0.029195 0.066369 1.362492 -0.146285 10.670317 -0.640219
0.820000 0.043912 0.062523 1.371408 -0.139246 10.057048 -0.603423
0.820000 0.058866 0.058857 1.379990 -0.132798 9.477477 -0.568649
0.820000 0.071394 0.055960 1.386981 -0.128038 9.020621 -0.541237
0.820000 0.084076 0.053162 1.393839 -0.123726 8.578715 -0.514723
0.820000 0.096911 0.050455 1.400519 -0.119798 8.149476 -0.488969
0.820000 0.109893 0.047830 1.407012 -0.116227 7.731353 -0.463881
0.820000 0.124146 0.045067 1.413827 -0.112714 7.288660 -0.437320
0.820000 0.138560 0.042386 1.420307 -0.109472 6.856870 -0.411412
0.820000 0.153126 0.039781 1.426397 -0.106428 6.435563 -0.386134
0.820000 0.167834 0.037246 1.432074 -0.103543 6.024296 -0.361458
0.820000 0.187556 0.033987 1.438941 -0.099902 5.493412 -0.329605
0.820000 0.207484 0.030842 1.444997 -0.096399 4.979989 -0.298799
0.820000 0.227592 0.027809 1.450236 -0.092993 4.484299 -0.269058
0.820000 0.247855 0.024885 1.454669 -0.089663 4.005823 -0.240349
0.820000 0.275027 0.021152 1.459330 -0.085300 3.394881 -0.203693
0.820000 0.302369 0.017603 1.462666 -0.081046 2.814056 -0.168843
0.820000 0.329823 0.014237 1.464785 -0.076938 2.262933 -0.135776
0.820000 0.357341 0.011044 1.465717 -0.072933 1.740361 -0.104422
0.820000 0.383920 0.008121 1.465522 -0.069134 1.262136 -0.075728
0.820000 0.410471 0.005351 1.464355 -0.065443 0.809241 -0.048554
0.820000 0.436955 0.002731 1.462278 -0.061866 0.380851 -0.022851
0.820000 0.463336 0.000257 1.459343 -0.058398 -0.023750 0.001425
0.820000 0.507612 -0.003614 1.452546 -0.052746 -0.656472 0.039388
0.820000 0.551342 -0.007102 1.443708 -0.047414 -1.226282 0.073577
0.820000 0.594387 -0.010223 1.433098 -0.042437 -1.735758 0.104145
0.820000 0.636635 -0.013007 1.420894 -0.037763 -2.190349 0.131421
0.820000 0.671506 -0.015106 1.409478 -0.033999 -2.532693 0.151962
0.820000 0.705683 -0.016991 1.397187 -0.030435 -2.840079 0.170405
0.820000 0.739120 -0.018677 1.384150 -0.027084 -3.115665 0.186940
0.820000 0.771773 -0.020171 1.370413 -0.023891 -3.359326 0.201560
0.820000 0.794828 -0.021134 1.360119 -0.021684 -3.515592 0.210936
0.820000 0.817443 -0.022006 1.349576 -0.019586 -3.657108 0.219427
0.820000 0.839608 -0.022791 1.338798 -0.017577 -3.784349 0.227061
0.820000 0.861312 -0.023494 1.327828 -0.015665 -3.898136 0.233888
0.820000 0.882549 -0.024117 1.316695 -0.013848 -3.999220 0.239953
0.820000 0.903313 -0.024666 1.305416 -0.012114 -4.087981 0.245279
0.820000 0.923596 -0.025143 1.294022 -0.010464 -4.164974 0.249898
0.820000 0.943396 -0.025552 1.282534 -0.008892 -4.230771 0.253846
0.820000 0.964727 -0.025929 1.269744 -0.007239 -4.291154 0.257469
0.820000 0.985460 -0.026230 1.256901 -0.005678 -4.339222 0.260353
0.820000 1.005591 -0.026461 1.244034 -0.004207 -4.375696 0.262542
0.820000 1.025120 -0.026625 1.231169 -0.002823 -4.401233 0.264074
0.820000 1.051255 -0.026750 1.213349 -0.001042 -4.419778 0.265187
0.820000 1.076235 -0.026763 1.195642 0.000586 -4.420189 0.265211
0.820000 1.100071 -0.026676 1.178101 0.002072 -4.404061 0.264244
0.820000 1.122774 -0.026498 1.160783 0.003417 -4.372928 0.262376
0.820000 1.141406 -0.026277 1.146103 0.004466 -4.335277 0.260117
0.820000 1.159223 -0.026001 1.131644 0.005421 -4.288483 0.257309
0.820000 1.176239 -0.025673 1.117434 0.006285 -4.233369 0.254002
0.820000 1.192468 -0.025299 1.103489 0.007066 -4.170747 0.250245
0.820000 1.208166 -0.024877 1.089612 0.007780 -4.100207 0.246012
0.820000 1.223084 -0.024417 1.076045 0.008416 -4.023433 0.241406
0.820000 1.237241 -0.023923 1.062801 0.008980 -3.941153 0.236469
0.820000 1.250656 -0.023399 1.049895 0.009474 -3.854002 0.231240
0.820000 1.265194 -0.022765 1.035482 0.009961 -3.748598 0.224916
0.820000 1.278806 -0.022101 1.021543 0.010367 -3.638462 0.218308
0.820000 1.291523 -0.021413 1.008089 0.010695 -3.524352 0.211461
0.820000 1.303377 -0.020705 0.995128 0.010952 -3.407192 0.204432
0.820000 1.315133 -0.019933 0.981813 0.011164 -3.279270 0.196756
0.820000 1.325980 -0.019149 0.969073 0.011304 -3.149519 0.188971
0.820000 1.335958 -0.018357 0.956916 0.011371 -3.018911 0.181135
0.820000 1.345107 -0.017562 0.945317 0.011391 -2.887718 0.173263
0.820000 1.350482 -0.017059 0.938266 0.011384 -2.804590 0.168275
0.820000 1.355551 -0.016557 0.931443 0.011355 -2.721655 0.163299
0.820000 1.360324 -0.016057 0.924840 0.011309 -2.639008 0.158340
0.820000 1.364811 -0.015559 0.918461 0.011244 -2.556824 0.153409
0.820000 1.369021 -0.015065 0.912302 0.011161 -2.475257 0.148515
0.820000 1.372963 -0.014574 0.906358 0.011063 -2.394365 0.143662
0.820000 1.376648 -0.014088 0.900628 0.010952 -2.314240 0.138854
0.820000 1.380085 -0.013608 0.895107 0.010828 -2.234979 0.134099
0.820000 1.384140 -0.013000 0.888332 0.010655 -2.134814 0.128089
0.820000 1.387821 -0.012402 0.881889 0.010466 -2.036364 0.122182
0.820000 1.391147 -0.011816 0.875770 0.010261 -1.939788 0.116387
0.820000 1.394136 -0.011242 0.869968 0.010044 -1.845198 0.110712
0.820000 1.398470 -0.010301 0.860863 0.009647 -1.690426 0.101426
0.820000 1.401974 -0.009399 0.852592 0.009230 -1.541918 0.092515
0.820000 1.404725 -0.008537 0.845111 0.008800 -1.399714 0.083983
0.820000 1.406799 -0.007717 0.838401 0.008342 -1.264790 0.075887
0.820000 1.407439 -0.007410 0.835985 0.008158 -1.214361 0.072862
0.820000 1.407991 -0.007109 0.833671 0.007976 -1.165005 0.069900
0.820000 1.408459 -0.006815 0.831459 0.007795 -1.116756 0.067005
0.820000 1.408846 -0.006528 0.829346 0.007615 -1.069591 0.064175
0.820000 1.409156 -0.006248 0.827329 0.007436 -1.023492 0.061410
0.820000 1.409393 -0.005974 0.825408 0.007257 -0.978497 0.058710
0.820000 1.409560 -0.005707 0.823579 0.007077 -0.934610 0.056077
0.820000 1.409661 -0.005447 0.821842 0.006898 -0.891827 0.053510
0.820000 1.409695 -0.005077 0.819448 0.006636 -0.830975 0.049859
0.820000 1.409604 -0.004721 0.817236 0.006375 -0.772487 0.046349
0.820000 1.409396 -0.004379 0.815197 0.006117 -0.716332 0.042980
0.820000 1.409081 -0.004051 0.813324 0.005862 -0.662494 0.039750
0.820000 1.408551 -0.003661 0.811204 0.005550 -0.598379 0.035903
0.820000 1.407883 -0.003292 0.809318 0.005242 -0.537771 0.032266
0.820000 1.407094 -0.002943 0.807654 0.004939 -0.480604 0.028836
0.820000 1.406198 -0.002615 0.806195 0.004645 -0.426783 0.025607
0.820000 1.405437 -0.002374 0.805195 0.004424 -0.387244 0.023235
0.820000 1.404626 -0.002145 0.804305 0.004207 -0.349620 0.020977
0.820000 1.403771 -0.001927 0.803518 0.003998 -0.313867 0.018832
0.820000 1.402877 -0.001720 0.802830 0.003793 -0.279935 0.016796
0.820000 1.401949 -0.001524 0.802237 0.003593 -0.247783 0.014867
0.820000 1.400992 -0.001339 0.801732 0.003398 -0.217359 0.013042
0.820000 1.400010 -0.001163 0.801310 0.003207 -0.188605 0.011316
0.820000 1.399007 -0.000998 0.800966 0.003023 -0.161483 0.009689
0.820000 1.397887 -0.000827 0.800672 0.002828 -0.133496 0.008010
0.820000 1.396752 -0.000667 0.800459 0.002641 -0.107347 0.006441
0.820000 1.395607 -0.000518 0.800321 0.002461 -0.082979 0.004979
0.820000 1.394456 -0.000380 0.800254 0.002287 -0.060306 0.003618
0.820000 1.393170 -0.000237 0.800257 0.002102 -0.036944 0.002217
0.820000 1.391887 -0.000106 0.800332 0.001925 -0.015511 0.000931
0.820000 1.390610 0.000014 0.800474 0.001757 0.004117 -0.000247
0.820000 1.389345 0.000123 0.800678 0.001597 0.021977 -0.001319
0.820000 1.388391 0.000199 0.800870 0.001480 0.034446 -0.002067
0.820000 1.387446 0.000270 0.801090 0.001368 0.045987 -0.002759
0.820000 1.386514 0.000335 0.801338 0.001261 0.056624 -0.003397
0.820000 1.385594 0.000395 0.801609 0.001158 0.066411 -0.003985
0.820000 1.384688 0.000450 0.801902 0.001060 0.075395 -0.004524
0.820000 1.383797 0.000501 0.802214 0.000967 0.083598 -0.005016
0.820000 1.382922 0.000546 0.802544 0.000878 0.091059 -0.005464
0.820000 1.382064 0.000588 0.802890 0.000793 0.097809 -0.005869
0.820000 1.381196 0.000626 0.803262 0.000709 0.104068 -0.006244
0.820000 1.380347 0.000661 0.803647 0.000630 0.109640 -0.006578
0.820000 1.379519 0.000691 0.804044 0.000554 0.114563 -0.006874
0.820000 1.378711 0.000717 0.804450 0.000482 0.118868 -0.007132
0.820000 1.377859 0.000742 0.804898 0.000409 0.122873 -0.007372
0.820000 1.377033 0.000763 0.805353 0.000341 0.126236 -0.007574
0.820000 1.376233 0.000780 0.805813 0.000277 0.128995 -0.007740
0.820000 1.375457 0.000794 0.806277 0.000217 0.131190 -0.007871
0.820000 1.374587 0.000806 0.806821 0.000152 0.133084 -0.007985
0.820000 1.373751 0.000814 0.807366 0.000093 0.134320 -0.008059
0.820000 1.372951 0.000818 0.807909 0.000038 0.134957 -0.008097
0.820000 1.372185 0.000819 0.808449 -0.000012 0.135036 -0.008102
0.820000 1.371339 0.000816 0.809071 -0.000065 0.134509 -0.008071
0.820000 1.370539 0.000809 0.809683 -0.000112 0.133354 -0.008001
0.820000 1.369785 0.000799 0.810286 -0.000155 0.131611 -0.007897
0.820000 1.369075 0.000786 0.810875 -0.000191 0.129401 -0.007764
0.820000 1.368712 0.000778 0.811185 -0.000208 0.128057 -0.007683
0.820000 1.368361 0.000769 0.811490 -0.000224 0.126599 -0.007596
0.820000 1.368023 0.000760 0.811791 -0.000239 0.125039 -0.007502
0.820000 1.367697 0.000750 0.812087 -0.000253 0.123381 -0.007403
0.820000 1.367382 0.000739 0.812379 -0.000266 0.121628 -0.007298
0.820000 1.367079 0.000728 0.812665 -0.000278 0.119795 -0.007188
0.820000 1.366788 0.000717 0.812946 -0.000289 0.117887 -0.007073
0.820000 1.366508 0.000705 0.813221 -0.000298 0.115913 -0.006955
0.820000 1.366135 0.000688 0.813598 -0.000310 0.113050 -0.006783
0.820000 1.365782 0.000670 0.813964 -0.000320 0.110086 -0.006605
0.820000 1.365450 0.000651 0.814318 -0.000329 0.107036 -0.006422
0.820000 1.365137 0.000633 0.814661 -0.000335 0.103919 -0.006235
0.820000 1.364773 0.000609 0.815074 -0.000342 0.099940 -0.005996
0.820000 1.364438 0.000584 0.815469 -0.000346 0.095904 -0.005754
0.820000 1.364130 0.000559 0.815846 -0.000348 0.091836 -0.005510
0.820000 1.363848 0.000535 0.816205 -0.000349 0.087752 -0.005265
0.820000 1.363591 0.000510 0.816546 -0.000347 0.083675 -0.005020
0.820000 1.363357 0.000485 0.816869 -0.000344 0.079618 -0.004777
0.820000 1.363146 0.000461 0.817177 -0.000342 0.075591 -0.004535
0.820000 1.362956 0.000437 0.817467 -0.000338 0.071614 -0.004297
0.820000 1.362849 0.000422 0.817637 -0.000334 0.069194 -0.004152
0.820000 1.362749 0.000408 0.817801 -0.000330 0.066803 -0.004008
0.820000 1.362656 0.000393 0.817958 -0.000325 0.064443 -0.003867
0.820000 1.362570 0.000379 0.818110 -0.000320 0.062115 -0.003727
0.820000 1.362490 0.000365 0.818256 -0.000315 0.059821 -0.003589
0.820000 1.362417 0.000352 0.818396 -0.000310 0.057562 -0.003454
0.820000 1.362349 0.000338 0.818530 -0.000305 0.055342 -0.003321
0.820000 1.362288 0.000325 0.818659 -0.000300 0.053160 -0.003190
0.820000 1.362208 0.000306 0.818837 -0.000291 0.050051 -0.003003
0.820000 1.362139 0.000288 0.819003 -0.000283 0.047033 -0.002822
0.820000 1.362080 0.000270 0.819159 -0.000274 0.044104 -0.002646
0.820000 1.362031 0.000253 0.819304 -0.000265 0.041273 -0.002476
0.820000 1.361991 0.000236 0.819437 -0.000255 0.038574 -0.002314
0.820000 1.361960 0.000220 0.819561 -0.000246 0.035972 -0.002158
0.820000 1.361936 0.000205 0.819675 -0.000237 0.033471 -0.002008
0.820000 1.361918 0.000191 0.819781 -0.000227 0.031067 -0.001864
0.820000 1.361908 0.000177 0.819878 -0.000218 0.028758 -0.001725
0.820000 1.361903 0.000163 0.819968 -0.000208 0.026547 -0.001593
0.820000 1.361904 0.000150 0.820050 -0.000200 0.024430 -0.001466
0.820000 1.361909 0.000138 0.820125 -0.000191 0.022408 -0.001344
0.820000 1.361916 0.000130 0.820174 -0.000184 0.021025 -0.001261
0.820000 1.361925 0.000121 0.820220 -0.000178 0.019690 -0.001181
0.820000 1.361935 0.000114 0.820262 -0.000171 0.018403 -0.001104
0.820000 1.361948 0.000106 0.820301 -0.000165 0.017162 -0.001030
