0.440000 0.000000 0.000000 0.440000 0.000000 -12.192400 0.731544
0.440000 -0.000000 0.000000 0.439950 0.000050 -12.191373 0.731482
0.440000 -0.000000 0.000000 0.439900 0.000100 -12.190346 0.731421
0.440000 -0.000000 0.000000 0.439849 0.000149 -12.189319 0.731359
0.440000 -0.000000 0.000000 0.439799 0.000199 -12.188292 0.731298
0.440000 -0.000000 0.000000 0.439548 0.000448 -12.183158 0.730989
0.440000 -0.000000 0.000000 0.439297 0.000697 -12.178024 0.730681
0.440000 -0.000000 0.000000 0.439046 0.000946 -12.172892 0.730374
0.440000 -0.000000 0.000000 0.438796 0.001194 -12.167760 0.730066
0.440000 -0.000000 0.000000 0.437543 0.002435 -12.142110 0.728527
0.440000 -0.000000 0.000000 0.436294 0.003674 -12.116478 0.726989
0.440000 -0.000001 0.000001 0.435047 0.004910 -12.090864 0.725452
0.440000 -0.000001 0.000001 0.433803 0.006143 -12.065268 0.723916
0.440000 -0.000005 0.000005 0.427621 0.012272 -11.937554 0.716253
0.440000 -0.000011 0.000011 0.421505 0.018335 -11.810286 0.708617
0.440000 -0.000020 0.000020 0.415454 0.024334 -11.683464 0.701008
0.440000 -0.000031 0.000031 0.409467 0.030270 -11.557087 0.693425
0.440000 -0.000123 0.000122 0.380483 0.059004 -10.931895 0.655914
0.440000 -0.000271 0.000269 0.353046 0.086207 -10.317867 0.619072
0.440000 -0.000474 0.000470 0.327106 0.111929 -9.715007 0.582900
0.440000 -0.000728 0.000721 0.302613 0.136222 -9.123313 0.547399
0.440000 -0.001650 0.001636 0.243104 0.195274 -7.575116 0.454507
0.440000 -0.002873 0.002849 0.192961 0.245095 -6.108424 0.366505
0.440000 -0.004347 0.004312 0.151328 0.286547 -4.722371 0.283342
0.440000 -0.006029 0.005982 0.117403 0.320436 -3.415816 0.204949
0.440000 -0.008736 0.008672 0.080579 0.357471 -1.670032 0.100202
0.440000 -0.011683 0.011606 0.056174 0.382399 -0.080322 0.004819
0.440000 -0.014782 0.014697 0.042340 0.397064 1.360316 -0.081619
0.440000 -0.017955 0.017869 0.037402 0.403139 2.659445 -0.159567
0.440000 -0.022006 0.021935 0.041646 0.400776 4.125079 -0.247505
0.440000 -0.025966 0.025931 0.055269 0.389492 5.392441 -0.323546
0.440000 -0.029755 0.029782 0.075998 0.371528 6.480210 -0.388813
0.440000 -0.033307 0.033425 0.101892 0.348794 7.405464 -0.444328
0.440000 -0.037147 0.037418 0.137104 0.317799 8.314430 -0.498866
0.440000 -0.040547 0.041024 0.175316 0.284252 9.044259 -0.542656
0.440000 -0.043484 0.044225 0.214962 0.249659 9.618613 -0.577117
0.440000 -0.045944 0.047013 0.254793 0.215214 10.057308 -0.603438
0.440000 -0.048059 0.049554 0.296849 0.179276 10.398242 -0.623895
0.440000 -0.049642 0.051644 0.337341 0.145163 10.623328 -0.637400
0.440000 -0.050718 0.053311 0.375774 0.113311 10.750726 -0.645044
0.440000 -0.051314 0.054584 0.411768 0.084048 10.795935 -0.647756
0.440000 -0.051459 0.055496 0.445190 0.057484 10.772457 -0.646347
0.440000 -0.051189 0.056082 0.475909 0.033684 10.692760 -0.641566
0.440000 -0.050541 0.056379 0.503952 0.012586 10.567787 -0.634067
0.440000 -0.049547 0.056421 0.529357 -0.005881 10.407038 -0.624422
0.440000 -0.048301 0.056250 0.551299 -0.021208 10.227123 -0.613627
0.440000 -0.046795 0.055903 0.571054 -0.034400 10.028167 -0.601690
0.440000 -0.045059 0.055405 0.588776 -0.045628 9.815455 -0.588927
0.440000 -0.043114 0.054780 0.604608 -0.055049 9.593518 -0.575611
0.440000 -0.040887 0.054013 0.619276 -0.063127 9.356159 -0.561370
0.440000 -0.038481 0.053152 0.632248 -0.069624 9.116209 -0.546973
0.440000 -0.035918 0.052217 0.643712 -0.074735 8.876336 -0.532580
0.440000 -0.033215 0.051224 0.653835 -0.078632 8.638719 -0.518323
0.440000 -0.029654 0.049918 0.664868 -0.082048 8.346584 -0.500795
0.440000 -0.025927 0.048569 0.674356 -0.084131 8.062459 -0.483748
0.440000 -0.022057 0.047194 0.682573 -0.085159 7.787425 -0.467246
0.440000 -0.018062 0.045810 0.689743 -0.085354 7.522282 -0.451337
0.440000 -0.012755 0.044032 0.697749 -0.084687 7.195673 -0.431740
0.440000 -0.007290 0.042275 0.704701 -0.083313 6.884808 -0.413088
0.440000 -0.001688 0.040550 0.710874 -0.081500 6.588124 -0.395287
0.440000 0.004037 0.038866 0.716469 -0.079440 6.304773 -0.378286
0.440000 0.011273 0.036847 0.722829 -0.076777 5.971192 -0.358272
0.440000 0.018668 0.034897 0.728714 -0.074112 5.652917 -0.339175
0.440000 0.026213 0.033010 0.734211 -0.071515 5.347245 -0.320835
0.440000 0.033898 0.031189 0.739413 -0.069063 5.053010 -0.303181
0.440000 0.040948 0.029599 0.743906 -0.067015 4.796336 -0.287780
0.440000 0.048101 0.028056 0.748185 -0.065088 4.546920 -0.272815
0.440000 0.055351 0.026556 0.752240 -0.063265 4.304164 -0.258250
0.440000 0.062694 0.025098 0.756073 -0.061538 4.067640 -0.244058
0.440000 0.071565 0.023410 0.760359 -0.059599 3.793213 -0.227593
0.440000 0.080550 0.021775 0.764309 -0.057749 3.526848 -0.211611
0.440000 0.089641 0.020190 0.767910 -0.055965 3.268357 -0.196101
0.440000 0.098828 0.018654 0.771168 -0.054239 3.017496 -0.181050
0.440000 0.111279 0.016668 0.775008 -0.052003 2.692713 -0.161563
0.440000 0.123862 0.014765 0.778241 -0.049833 2.381218 -0.142873
0.440000 0.136555 0.012943 0.780887 -0.047717 2.082905 -0.124974
0.440000 0.149336 0.011198 0.782969 -0.045654 1.797326 -0.107840
0.440000 0.167561 0.008855 0.784990 -0.042801 1.413695 -0.084822
0.440000 0.185867 0.006660 0.786005 -0.040049 1.054441 -0.063266
0.440000 0.204200 0.004610 0.786103 -0.037420 0.718760 -0.043126
0.440000 0.222514 0.002697 0.785325 -0.034884 0.405638 -0.024338
0.440000 0.240431 0.000947 0.783761 -0.032471 0.119410 -0.007165
0.440000 0.258248 -0.000681 0.781481 -0.030153 -0.146625 0.008798
0.440000 0.275930 -0.002190 0.778537 -0.027922 -0.393364 0.023602
0.440000 0.293443 -0.003587 0.774989 -0.025784 -0.621483 0.037289
0.440000 0.313174 -0.005047 0.770275 -0.023460 -0.860012 0.051601
0.440000 0.332605 -0.006373 0.764916 -0.021253 -1.076469 0.064588
0.440000 0.351701 -0.007570 0.758985 -0.019165 -1.271802 0.076308
0.440000 0.370430 -0.008647 0.752544 -0.017189 -1.447392 0.086843
0.440000 0.389740 -0.009659 0.745259 -0.015212 -1.612186 0.096731
0.440000 0.408582 -0.010551 0.737544 -0.013353 -1.757408 0.105444
0.440000 0.426931 -0.011331 0.729471 -0.011616 -1.884519 0.113071
0.440000 0.444764 -0.012006 0.721079 -0.009979 -1.994196 0.119652
0.440000 0.456067 -0.012390 0.715480 -0.008966 -2.056467 0.123388
0.440000 0.467140 -0.012735 0.709792 -0.008000 -2.112190 0.126731
0.440000 0.477981 -0.013041 0.704025 -0.007076 -2.161625 0.129698
0.440000 0.488586 -0.013310 0.698193 -0.006195 -2.205089 0.132305
0.440000 0.498953 -0.013544 0.692310 -0.005357 -2.242878 0.134573
0.440000 0.509080 -0.013746 0.686385 -0.004558 -2.275222 0.136513
0.440000 0.518966 -0.013915 0.680429 -0.003798 -2.302372 0.138142
0.440000 0.528610 -0.014055 0.674452 -0.003074 -2.324584 0.139475
0.440000 0.540894 -0.014194 0.666595 -0.002179 -2.346640 0.140798
0.440000 0.552759 -0.014288 0.658742 -0.001344 -2.361149 0.141669
0.440000 0.564206 -0.014339 0.650912 -0.000566 -2.368637 0.142118
0.440000 0.575237 -0.014349 0.643122 0.000156 -2.369587 0.142175
0.440000 0.588571 -0.014310 0.633375 0.000990 -2.362194 0.141732
0.440000 0.601254 -0.014218 0.623750 0.001745 -2.346059 0.140764
0.440000 0.613294 -0.014077 0.614272 0.002426 -2.322033 0.139322
0.440000 0.624702 -0.013893 0.604969 0.003033 -2.290953 0.137457
0.440000 0.635491 -0.013671 0.595859 0.003575 -2.253597 0.135216
0.440000 0.645675 -0.013414 0.586965 0.004051 -2.210682 0.132641
0.440000 0.655267 -0.013128 0.578305 0.004461 -2.162898 0.129774
0.440000 0.664285 -0.012815 0.569885 0.004818 -2.110887 0.126653
0.440000 0.671582 -0.012528 0.562858 0.005084 -2.063288 0.123797
0.440000 0.678477 -0.012228 0.556023 0.005315 -2.013357 0.120801
0.440000 0.684985 -0.011915 0.549380 0.005518 -1.961447 0.117687
0.440000 0.691114 -0.011592 0.542940 0.005687 -1.907828 0.114470
0.440000 0.696052 -0.011309 0.537615 0.005803 -1.860978 0.111659
0.440000 0.700732 -0.011021 0.532440 0.005899 -1.813290 0.108797
0.440000 0.705160 -0.010728 0.527418 0.005974 -1.764901 0.105894
0.440000 0.709344 -0.010432 0.522548 0.006031 -1.715992 0.102960
0.440000 0.713461 -0.010121 0.517624 0.006075 -1.664521 0.099871
0.440000 0.717330 -0.009808 0.512865 0.006101 -1.612775 0.096767
0.440000 0.720958 -0.009494 0.508271 0.006111 -1.560909 0.093655
0.440000 0.724354 -0.009180 0.503842 0.006107 -1.509034 0.090542
0.440000 0.728890 -0.008725 0.497703 0.006073 -1.433977 0.086039
0.440000 0.732980 -0.008273 0.491901 0.006014 -1.359484 0.081569
0.440000 0.736649 -0.007827 0.486428 0.005936 -1.285798 0.077148
0.440000 0.739922 -0.007387 0.481285 0.005834 -1.213300 0.072798
0.440000 0.741781 -0.007116 0.478229 0.005759 -1.168647 0.070119
0.440000 0.743500 -0.006849 0.475295 0.005678 -1.124595 0.067476
0.440000 0.745084 -0.006585 0.472483 0.005590 -1.081207 0.064872
0.440000 0.746540 -0.006326 0.469788 0.005498 -1.038505 0.062310
0.440000 0.747872 -0.006071 0.467208 0.005402 -0.996515 0.059791
0.440000 0.749086 -0.005821 0.464741 0.005302 -0.955289 0.057317
0.440000 0.750188 -0.005575 0.462385 0.005198 -0.914858 0.054892
0.440000 0.751181 -0.005335 0.460137 0.005091 -0.875251 0.052515
0.440000 0.752315 -0.005031 0.457389 0.004947 -0.825325 0.049520
0.440000 0.753287 -0.004737 0.454813 0.004799 -0.776858 0.046611
0.440000 0.754109 -0.004451 0.452402 0.004647 -0.729877 0.043793
0.440000 0.754789 -0.004175 0.450150 0.004493 -0.684426 0.041066
0.440000 0.755442 -0.003851 0.447614 0.004303 -0.631139 0.037868
0.440000 0.755915 -0.003541 0.445295 0.004112 -0.580193 0.034812
0.440000 0.756226 -0.003246 0.443182 0.003920 -0.531648 0.031899
0.440000 0.756389 -0.002964 0.441263 0.003731 -0.485398 0.029124
0.440000 0.756416 -0.002690 0.439491 0.003531 -0.440419 0.026425
0.440000 0.756316 -0.002430 0.437897 0.003339 -0.397725 0.023863
0.440000 0.756102 -0.002184 0.436463 0.003162 -0.356980 0.021419
0.440000 0.755785 -0.001951 0.435207 0.002975 -0.318717 0.019123
0.440000 0.755615 -0.001852 0.434703 0.002886 -0.302576 0.018155
0.440000 0.755428 -0.001756 0.434225 0.002802 -0.286873 0.017212
0.440000 0.755225 -0.001663 0.433774 0.002720 -0.271613 0.016297
0.440000 0.755008 -0.001573 0.433350 0.002641 -0.256776 0.015407
0.440000 0.754776 -0.001485 0.432951 0.002564 -0.242348 0.014541
0.440000 0.754532 -0.001399 0.432578 0.002488 -0.228342 0.013701
0.440000 0.754275 -0.001316 0.432230 0.002413 -0.214758 0.012885
0.440000 0.754007 -0.001236 0.431907 0.002338 -0.201589 0.012095
0.440000 0.753622 -0.001130 0.431501 0.002238 -0.184168 0.011050
0.440000 0.753219 -0.001029 0.431138 0.002139 -0.167509 0.010051
0.440000 0.752800 -0.000932 0.430816 0.002043 -0.151595 0.009096
0.440000 0.752367 -0.000839 0.430531 0.001949 -0.136409 0.008185
0.440000 0.751798 -0.000727 0.430222 0.001832 -0.118108 0.007086
0.440000 0.751213 -0.000622 0.429968 0.001719 -0.100921 0.006055
0.440000 0.750614 -0.000524 0.429766 0.001610 -0.084810 0.005089
0.440000 0.750005 -0.000432 0.429612 0.001504 -0.069742 0.004185
0.440000 0.749282 -0.000332 0.429488 0.001386 -0.053375 0.003202
0.440000 0.748553 -0.000240 0.429420 0.001273 -0.038327 0.002300
0.440000 0.747821 -0.000156 0.429402 0.001165 -0.024551 0.001473
0.440000 0.747089 -0.000079 0.429430 0.001064 -0.011961 0.000718
0.440000 0.746385 -0.000011 0.429497 0.000969 -0.000882 0.000053
0.440000 0.745687 0.000050 0.429600 0.000880 0.009204 -0.000552
0.440000 0.744996 0.000106 0.429733 0.000796 0.018392 -0.001103
0.440000 0.744315 0.000157 0.429896 0.000715 0.026656 -0.001599
0.440000 0.743839 0.000190 0.430027 0.000660 0.031976 -0.001919
0.440000 0.743368 0.000220 0.430170 0.000608 0.036884 -0.002213
0.440000 0.742905 0.000247 0.430323 0.000558 0.041383 -0.002483
0.440000 0.742449 0.000273 0.430485 0.000510 0.045508 -0.002730
0.440000 0.742002 0.000296 0.430656 0.000465 0.049285 -0.002957
0.440000 0.741562 0.000317 0.430834 0.000422 0.052715 -0.003163
0.440000 0.741131 0.000336 0.431018 0.000381 0.055817 -0.003349
0.440000 0.740709 0.000353 0.431209 0.000341 0.058602 -0.003516
0.440000 0.740282 0.000369 0.431413 0.000302 0.061168 -0.003670
0.440000 0.739864 0.000383 0.431621 0.000265 0.063428 -0.003806
0.440000 0.739457 0.000395 0.431833 0.000230 0.065397 -0.003924
0.440000 0.739061 0.000405 0.432049 0.000197 0.067091 -0.004025
0.440000 0.738607 0.000416 0.432306 0.000160 0.068753 -0.004125
0.440000 0.738169 0.000424 0.432565 0.000126 0.070079 -0.004205
0.440000 0.737746 0.000430 0.432826 0.000094 0.071088 -0.004265
0.440000 0.737338 0.000435 0.433087 0.000064 0.071806 -0.004308
0.440000 0.736850 0.000438 0.433413 0.000030 0.072320 -0.004339
0.440000 0.736386 0.000439 0.433737 -0.000001 0.072456 -0.004347
0.440000 0.735945 0.000438 0.434058 -0.000028 0.072259 -0.004336
0.440000 0.735527 0.000435 0.434375 -0.000053 0.071746 -0.004305
0.440000 0.735211 0.000432 0.434623 -0.000071 0.071135 -0.004268
0.440000 0.734909 0.000427 0.434867 -0.000087 0.070362 -0.004222
0.440000 0.734622 0.000422 0.435107 -0.000103 0.069433 -0.004166
0.440000 0.734348 0.000415 0.435342 -0.000116 0.068376 -0.004103
0.440000 0.734087 0.000408 0.435573 -0.000128 0.067208 -0.004033
0.440000 0.733839 0.000401 0.435798 -0.000139 0.065938 -0.003956
0.440000 0.733604 0.000393 0.436017 -0.000147 0.064582 -0.003875
0.440000 0.733382 0.000384 0.436230 -0.000155 0.063144 -0.003789
0.440000 0.733187 0.000375 0.436423 -0.000161 0.061744 -0.003705
0.440000 0.733002 0.000367 0.436611 -0.000167 0.060290 -0.003617
0.440000 0.732827 0.000358 0.436794 -0.000173 0.058789 -0.003527
0.440000 0.732662 0.000348 0.436972 -0.000177 0.057249 -0.003435
0.440000 0.732516 0.000340 0.437132 -0.000180 0.055788 -0.003347
0.440000 0.732378 0.000331 0.437288 -0.000183 0.054304 -0.003258
0.440000 0.732247 0.000322 0.437439 -0.000184 0.052802 -0.003168
0.440000 0.732124 0.000312 0.437585 -0.000186 0.051288 -0.003077
0.440000 0.731998 0.000302 0.437738 -0.000187 0.049634 -0.002978
0.440000 0.731881 0.000292 0.437886 -0.000187 0.047974 -0.002878
0.440000 0.731771 0.000282 0.438029 -0.000187 0.046316 -0.002779
0.440000 0.731669 0.000272 0.438166 -0.000187 0.044660 -0.002680
0.440000 0.731550 0.000260 0.438331 -0.000185 0.042588 -0.002555
0.440000 0.731443 0.000247 0.438487 -0.000183 0.040534 -0.002432
0.440000 0.731345 0.000235 0.438635 -0.000181 0.038497 -0.002310
0.440000 0.731258 0.000223 0.438775 -0.000178 0.036494 -0.002190
0.440000 0.731191 0.000213 0.438888 -0.000175 0.034817 -0.002089
0.440000 0.731130 0.000203 0.438996 -0.000172 0.033172 -0.001990
0.440000 0.731075 0.000193 0.439097 -0.000168 0.031565 -0.001894
0.440000 0.731025 0.000183 0.439193 -0.000164 0.029991 -0.001799
0.440000 0.730981 0.000174 0.439285 -0.000160 0.028449 -0.001707
0.440000 0.730943 0.000165 0.439371 -0.000156 0.026944 -0.001617
0.440000 0.730909 0.000156 0.439452 -0.000153 0.025473 -0.001528
0.440000 0.730879 0.000147 0.439529 -0.000149 0.024043 -0.001443
0.440000 0.730855 0.000139 0.439599 -0.000144 0.022689 -0.001361
0.440000 0.730834 0.000131 0.439665 -0.000140 0.021377 -0.001283
0.440000 0.730817 0.000123 0.439726 -0.000135 0.020105 -0.001206
0.440000 0.730803 0.000116 0.439783 -0.000130 0.018877 -0.001133
0.440000 0.730793 0.000109 0.439834 -0.000126 0.017764 -0.001066
0.440000 0.730786 0.000102 0.439881 -0.000122 0.016687 -0.001001
0.440000 0.730781 0.000096 0.439926 -0.000118 0.015648 -0.000939
0.440000 0.730778 0.000090 0.439967 -0.000114 0.014645 -0.000879
0.440000 0.730777 0.000084 0.440006 -0.000110 0.013658 -0.000819
0.440000 0.730778 0.000078 0.440042 -0.000105 0.012709 -0.000763
0.440000 0.730782 0.000073 0.440075 -0.000101 0.011794 -0.000708
0.440000 0.730786 0.000067 0.440106 -0.000097 0.010918 -0.000655
0.440000 0.730789 0.000065 0.440120 -0.000095 0.010501 -0.000630
0.440000 0.730793 0.000062 0.440133 -0.000093 0.010093 -0.000606
0.440000 0.730796 0.000060 0.440146 -0.000091 0.009693 -0.000582
0.440000 0.730800 0.000057 0.440159 -0.000089 0.009302 -0.000558
