0.840000 0.000000 0.000000 0.840000 0.000000 -23.276400 1.396584
0.840000 -0.000000 0.000000 0.839950 0.000050 -23.275373 1.396522
0.840000 -0.000000 0.000000 0.839900 0.000100 -23.274346 1.396461
0.840000 -0.000000 0.000000 0.839849 0.000149 -23.273319 1.396399
0.840000 -0.000000 0.000000 0.839799 0.000199 -23.272292 1.396338
0.840000 -0.000000 0.000000 0.839548 0.000448 -23.267157 1.396029
0.840000 -0.000000 0.000000 0.839297 0.000697 -23.262023 1.395721
0.840000 -0.000000 0.000000 0.839046 0.000946 -23.256889 1.395413
0.840000 -0.000000 0.000000 0.838795 0.001195 -23.251756 1.395105
0.840000 -0.000000 0.000000 0.837541 0.002438 -23.226094 1.393566
0.840000 -0.000000 0.000000 0.836288 0.003679 -23.200441 1.392026
0.840000 -0.000000 0.000000 0.835037 0.004920 -23.174798 1.390488
0.840000 -0.000001 0.000001 0.833788 0.006159 -23.149164 1.388950
0.840000 -0.000003 0.000003 0.827559 0.012333 -23.021134 1.381268
0.840000 -0.000006 0.000006 0.821366 0.018473 -22.893337 1.373600
0.840000 -0.000011 0.000010 0.815206 0.024580 -22.765773 1.365946
0.840000 -0.000016 0.000016 0.809081 0.030652 -22.638443 1.358307
0.840000 -0.000065 0.000065 0.778962 0.060510 -22.005294 1.320318
0.840000 -0.000146 0.000144 0.749681 0.089540 -21.377986 1.282679
0.840000 -0.000257 0.000254 0.721221 0.117755 -20.756524 1.245391
0.840000 -0.000397 0.000394 0.693570 0.145171 -20.140911 1.208455
0.840000 -0.001388 0.001376 0.577764 0.260012 -17.418458 1.045107
0.840000 -0.002900 0.002876 0.477094 0.359903 -14.816885 0.889013
0.840000 -0.004863 0.004823 0.390390 0.446025 -12.336057 0.740163
0.840000 -0.007213 0.007154 0.316555 0.519484 -9.975650 0.598539
0.840000 -0.011310 0.011222 0.228073 0.607800 -6.675043 0.400503
0.840000 -0.015958 0.015841 0.162801 0.673394 -3.636448 0.218187
0.840000 -0.021003 0.020861 0.117781 0.719228 -0.852364 0.051142
0.840000 -0.026307 0.026148 0.090237 0.748079 1.687207 -0.101232
0.840000 -0.033580 0.033416 0.076248 0.764567 4.714458 -0.282867
0.840000 -0.040883 0.040742 0.083298 0.760852 7.365050 -0.441903
0.840000 -0.048044 0.047962 0.106640 0.741639 9.676435 -0.580586
0.840000 -0.054919 0.054939 0.142165 0.710993 11.683732 -0.701024
0.840000 -0.062454 0.062658 0.194592 0.665159 13.689722 -0.821383
0.840000 -0.069356 0.069823 0.254868 0.612343 15.376099 -0.922566
0.840000 -0.075562 0.076379 0.319812 0.555633 16.785177 -1.007111
0.840000 -0.081024 0.082289 0.387018 0.497349 17.949483 -1.076969
0.840000 -0.086355 0.088262 0.464807 0.430555 19.019633 -1.141178
0.840000 -0.090691 0.093385 0.541582 0.365444 19.840265 -1.190416
0.840000 -0.094055 0.097691 0.616156 0.303083 20.442411 -1.226545
0.840000 -0.096479 0.101216 0.687682 0.244212 20.851249 -1.251075
0.840000 -0.098146 0.104352 0.765254 0.181571 21.110336 -1.266620
0.840000 -0.098706 0.106602 0.837706 0.124359 21.176738 -1.270604
0.840000 -0.098240 0.108054 0.904822 0.072668 21.079754 -1.264785
0.840000 -0.096824 0.108784 0.966423 0.026565 20.845645 -1.250739
0.840000 -0.094744 0.108883 1.018242 -0.010988 20.529557 -1.231773
0.840000 -0.091990 0.108503 1.065451 -0.044014 20.136233 -1.208174
0.840000 -0.088626 0.107704 1.108189 -0.072708 19.682387 -1.180943
0.840000 -0.084710 0.106544 1.146588 -0.097247 19.183115 -1.150987
0.840000 -0.080408 0.105113 1.180047 -0.117392 18.664912 -1.119895
0.840000 -0.075686 0.103438 1.209786 -0.134059 18.127613 -1.087657
0.840000 -0.070594 0.101564 1.236068 -0.147535 17.580838 -1.054850
0.840000 -0.065174 0.099531 1.259142 -0.158086 17.032755 -1.021965
0.840000 -0.058395 0.096969 1.282650 -0.167166 16.392015 -0.983521
0.840000 -0.051274 0.094290 1.302565 -0.173079 15.767116 -0.946027
0.840000 -0.043867 0.091541 1.319395 -0.176339 15.163861 -0.909832
0.840000 -0.036217 0.088759 1.333583 -0.177391 14.586280 -0.875177
0.840000 -0.027160 0.085556 1.347191 -0.176413 13.956348 -0.837381
0.840000 -0.017879 0.082387 1.358521 -0.173712 13.363377 -0.801803
0.840000 -0.008408 0.079277 1.368126 -0.169828 12.805699 -0.768342
0.840000 0.001224 0.076245 1.376446 -0.165181 12.281409 -0.736885
0.840000 0.015767 0.071920 1.387235 -0.157663 11.560281 -0.693617
0.840000 0.030585 0.067797 1.396857 -0.150026 10.893079 -0.653585
0.840000 0.045667 0.063860 1.405797 -0.142693 10.266529 -0.615992
0.840000 0.060986 0.060110 1.414425 -0.135995 9.674874 -0.580492
0.840000 0.073810 0.057149 1.421472 -0.131065 9.208937 -0.552536
0.840000 0.086790 0.054292 1.428402 -0.126610 8.758324 -0.525499
0.840000 0.099925 0.051527 1.435165 -0.122561 8.320639 -0.499238
0.840000 0.113207 0.048847 1.441751 -0.118889 7.894256 -0.473655
0.840000 0.127744 0.046035 1.448654 -0.115297 7.444131 -0.446648
0.840000 0.142442 0.043307 1.455227 -0.111987 7.004973 -0.420298
0.840000 0.157295 0.040654 1.461410 -0.108884 6.576361 -0.394582
0.840000 0.172291 0.038074 1.467180 -0.105947 6.157846 -0.369471
0.840000 0.192442 0.034748 1.474180 -0.102234 5.616219 -0.336973
0.840000 0.212804 0.031539 1.480356 -0.098663 5.092283 -0.305537
0.840000 0.233349 0.028443 1.485701 -0.095192 4.586348 -0.275181
0.840000 0.254051 0.025457 1.490226 -0.091797 4.097894 -0.245874
0.840000 0.281402 0.021701 1.494924 -0.087412 3.483027 -0.208982
0.840000 0.308923 0.018126 1.498309 -0.083133 2.897913 -0.173875
0.840000 0.336555 0.014731 1.500487 -0.078996 2.342163 -0.140530
0.840000 0.364254 0.011509 1.501486 -0.074960 1.814678 -0.108881
0.840000 0.391245 0.008529 1.501359 -0.071096 1.327336 -0.079640
0.840000 0.418211 0.005705 1.500248 -0.067341 0.865534 -0.051932
0.840000 0.445112 0.003032 1.498217 -0.063700 0.428453 -0.025707
0.840000 0.471913 0.000506 1.495317 -0.060169 0.015376 -0.000923
0.840000 0.515187 -0.003305 1.488857 -0.054630 -0.607415 0.036445
0.840000 0.557967 -0.006757 1.480473 -0.049389 -1.171424 0.070285
0.840000 0.600128 -0.009866 1.470405 -0.044474 -1.679054 0.100743
0.840000 0.641568 -0.012656 1.458810 -0.039839 -2.134864 0.128092
0.840000 0.677297 -0.014862 1.447463 -0.035944 -2.494699 0.149682
0.840000 0.712339 -0.016847 1.435196 -0.032253 -2.818453 0.169107
0.840000 0.746643 -0.018625 1.422137 -0.028777 -3.108943 0.186537
0.840000 0.780164 -0.020206 1.408346 -0.025470 -3.366673 0.202000
0.840000 0.804956 -0.021274 1.397497 -0.023083 -3.540303 0.212418
0.840000 0.829264 -0.022240 1.386351 -0.020810 -3.697220 0.221833
0.840000 0.853074 -0.023109 1.374930 -0.018636 -3.838023 0.230281
0.840000 0.876377 -0.023884 1.363282 -0.016568 -3.963624 0.237817
0.840000 0.899162 -0.024570 1.351443 -0.014605 -4.074860 0.244492
0.840000 0.921422 -0.025172 1.339436 -0.012734 -4.172239 0.250334
0.840000 0.943150 -0.025693 1.327295 -0.010958 -4.256419 0.255385
0.840000 0.964341 -0.026138 1.315046 -0.009269 -4.328061 0.259684
0.840000 0.987282 -0.026548 1.301322 -0.007488 -4.393796 0.263628
0.840000 1.009549 -0.026873 1.287537 -0.005811 -4.445645 0.266739
0.840000 1.031139 -0.027119 1.273724 -0.004234 -4.484460 0.269068
0.840000 1.052053 -0.027290 1.259916 -0.002755 -4.511011 0.270661
0.840000 1.077267 -0.027405 1.242692 -0.001039 -4.528130 0.271688
0.840000 1.101429 -0.027420 1.225574 0.000537 -4.528729 0.271724
0.840000 1.124545 -0.027342 1.208607 0.001982 -4.514174 0.270850
0.840000 1.146628 -0.027180 1.191838 0.003297 -4.485808 0.269148
0.840000 1.167241 -0.026947 1.175664 0.004466 -4.445918 0.266755
0.840000 1.186892 -0.026647 1.159750 0.005523 -4.395133 0.263708
0.840000 1.205597 -0.026286 1.144127 0.006473 -4.334518 0.260071
0.840000 1.223375 -0.025872 1.128818 0.007325 -4.265074 0.255904
0.840000 1.240972 -0.025388 1.113191 0.008116 -4.184132 0.251048
0.840000 1.257602 -0.024857 1.097953 0.008812 -4.095611 0.245737
0.840000 1.273291 -0.024285 1.083120 0.009422 -4.000481 0.240029
0.840000 1.288065 -0.023679 1.068716 0.009947 -3.899610 0.233977
0.840000 1.301821 -0.023048 1.054885 0.010387 -3.794934 0.227696
0.840000 1.314732 -0.022393 1.041498 0.010753 -3.686207 0.221172
0.840000 1.326827 -0.021716 1.028567 0.011045 -3.574068 0.214444
0.840000 1.338133 -0.021023 1.016092 0.011274 -3.459331 0.207560
0.840000 1.347815 -0.020378 1.005072 0.011438 -3.352557 0.201153
0.840000 1.356882 -0.019725 0.994437 0.011557 -3.244524 0.194671
0.840000 1.365357 -0.019066 0.984189 0.011635 -3.135734 0.188144
0.840000 1.373261 -0.018405 0.974325 0.011675 -3.026425 0.181586
0.840000 1.381188 -0.017688 0.964098 0.011673 -2.908110 0.174487
0.840000 1.388501 -0.016973 0.954315 0.011634 -2.790009 0.167401
0.840000 1.395227 -0.016261 0.944967 0.011563 -2.672352 0.160341
0.840000 1.401394 -0.015554 0.936059 0.011456 -2.555712 0.153343
0.840000 1.405511 -0.015049 0.929899 0.011357 -2.472421 0.148345
0.840000 1.409361 -0.014549 0.923957 0.011247 -2.389893 0.143394
0.840000 1.412952 -0.014053 0.918232 0.011122 -2.308247 0.138495
0.840000 1.416294 -0.013563 0.912721 0.010986 -2.227548 0.133653
0.840000 1.419397 -0.013080 0.907417 0.010842 -2.147857 0.128871
0.840000 1.422269 -0.012603 0.902321 0.010686 -2.069277 0.124157
0.840000 1.424921 -0.012133 0.897427 0.010523 -1.991880 0.119513
0.840000 1.427359 -0.011671 0.892732 0.010350 -1.915731 0.114944
0.840000 1.430630 -0.010995 0.886074 0.010078 -1.804301 0.108258
0.840000 1.433474 -0.010336 0.879838 0.009791 -1.695943 0.101757
0.840000 1.435918 -0.009698 0.874013 0.009490 -1.590774 0.095446
0.840000 1.437990 -0.009079 0.868583 0.009179 -1.488964 0.089338
0.840000 1.439981 -0.008378 0.862685 0.008807 -1.373642 0.082419
0.840000 1.441533 -0.007707 0.857290 0.008426 -1.263265 0.075796
0.840000 1.442685 -0.007067 0.852372 0.008039 -1.158102 0.069486
0.840000 1.443471 -0.006457 0.847899 0.007657 -1.057784 0.063467
0.840000 1.443793 -0.006090 0.845320 0.007417 -0.997387 0.059843
0.840000 1.443992 -0.005734 0.842904 0.007176 -0.938943 0.056337
0.840000 1.444078 -0.005390 0.840642 0.006938 -0.882362 0.052942
0.840000 1.444057 -0.005058 0.838533 0.006699 -0.827739 0.049664
0.840000 1.443937 -0.004738 0.836570 0.006460 -0.775119 0.046507
0.840000 1.443726 -0.004429 0.834746 0.006224 -0.724398 0.043464
0.840000 1.443428 -0.004131 0.833058 0.005989 -0.675569 0.040534
0.840000 1.443051 -0.003845 0.831497 0.005758 -0.628590 0.037715
0.840000 1.442574 -0.003555 0.829982 0.005520 -0.580993 0.034860
0.840000 1.442023 -0.003277 0.828597 0.005286 -0.535396 0.032124
0.840000 1.441405 -0.003012 0.827336 0.005058 -0.491768 0.029506
0.840000 1.440724 -0.002758 0.826194 0.004833 -0.450067 0.027004
0.840000 1.439922 -0.002495 0.825083 0.004593 -0.406918 0.024415
0.840000 1.439062 -0.002245 0.824098 0.004358 -0.365950 0.021957
0.840000 1.438149 -0.002008 0.823234 0.004129 -0.327095 0.019626
0.840000 1.437192 -0.001784 0.822483 0.003905 -0.290319 0.017419
0.840000 1.436084 -0.001549 0.821772 0.003666 -0.251868 0.015112
0.840000 1.434937 -0.001330 0.821183 0.003434 -0.215823 0.012949
0.840000 1.433756 -0.001124 0.820707 0.003211 -0.182131 0.010928
0.840000 1.432549 -0.000932 0.820337 0.002996 -0.150663 0.009040
0.840000 1.431207 -0.000737 0.820045 0.002769 -0.118723 0.007123
0.840000 1.429848 -0.000557 0.819860 0.002552 -0.089226 0.005354
0.840000 1.428480 -0.000391 0.819771 0.002347 -0.061989 0.003719
0.840000 1.427109 -0.000238 0.819774 0.002149 -0.037036 0.002222
0.840000 1.426274 -0.000152 0.819818 0.002032 -0.022929 0.001376
0.840000 1.425441 -0.000070 0.819890 0.001919 -0.009592 0.000576
0.840000 1.424612 0.000007 0.819988 0.001809 0.002989 -0.000179
0.840000 1.423787 0.000079 0.820111 0.001704 0.014848 -0.000891
0.840000 1.422968 0.000148 0.820257 0.001602 0.026017 -0.001561
0.840000 1.422155 0.000212 0.820425 0.001504 0.036508 -0.002190
0.840000 1.421350 0.000272 0.820613 0.001409 0.046341 -0.002780
0.840000 1.420553 0.000328 0.820821 0.001317 0.055540 -0.003332
0.840000 1.419546 0.000395 0.821111 0.001204 0.066417 -0.003985
0.840000 1.418555 0.000456 0.821428 0.001097 0.076336 -0.004580
0.840000 1.417582 0.000511 0.821767 0.000994 0.085346 -0.005121
0.840000 1.416628 0.000561 0.822128 0.000897 0.093487 -0.005609
0.840000 1.415146 0.000630 0.822739 0.000752 0.104790 -0.006287
0.840000 1.413718 0.000688 0.823387 0.000618 0.114155 -0.006849
0.840000 1.412345 0.000735 0.824067 0.000494 0.121726 -0.007304
0.840000 1.411031 0.000772 0.824767 0.000382 0.127688 -0.007661
0.840000 1.410394 0.000787 0.825123 0.000331 0.130129 -0.007808
0.840000 1.409772 0.000800 0.825483 0.000282 0.132218 -0.007933
0.840000 1.409165 0.000811 0.825845 0.000235 0.133974 -0.008038
0.840000 1.408574 0.000820 0.826209 0.000190 0.135411 -0.008125
0.840000 1.407998 0.000827 0.826574 0.000148 0.136542 -0.008193
0.840000 1.407437 0.000832 0.826938 0.000108 0.137387 -0.008243
0.840000 1.406892 0.000836 0.827303 0.000070 0.137961 -0.008278
0.840000 1.406362 0.000838 0.827666 0.000034 0.138280 -0.008297
0.840000 1.405633 0.000839 0.828182 -0.000014 0.138321 -0.008299
0.840000 1.404935 0.000837 0.828693 -0.000058 0.137912 -0.008275
0.840000 1.404268 0.000832 0.829199 -0.000097 0.137089 -0.008225
0.840000 1.403631 0.000825 0.829697 -0.000134 0.135892 -0.008154
0.840000 1.402864 0.000813 0.830319 -0.000175 0.133882 -0.008033
0.840000 1.402145 0.000798 0.830927 -0.000211 0.131393 -0.007884
0.840000 1.401471 0.000781 0.831517 -0.000242 0.128494 -0.007710
0.840000 1.400843 0.000761 0.832090 -0.000268 0.125232 -0.007514
0.840000 1.400448 0.000747 0.832462 -0.000284 0.122880 -0.007373
0.840000 1.400071 0.000732 0.832825 -0.000297 0.120405 -0.007224
0.840000 1.399714 0.000717 0.833180 -0.000310 0.117821 -0.007069
0.840000 1.399374 0.000700 0.833526 -0.000321 0.115144 -0.006909
0.840000 1.399051 0.000684 0.833862 -0.000329 0.112390 -0.006743
0.840000 1.398745 0.000667 0.834188 -0.000337 0.109568 -0.006574
0.840000 1.398456 0.000649 0.834505 -0.000343 0.106690 -0.006401
0.840000 1.398183 0.000632 0.834813 -0.000348 0.103765 -0.006226
0.840000 1.397887 0.000611 0.835156 -0.000352 0.100340 -0.006020
0.840000 1.397610 0.000590 0.835487 -0.000355 0.096881 -0.005813
0.840000 1.397353 0.000569 0.835805 -0.000357 0.093404 -0.005604
0.840000 1.397114 0.000548 0.836111 -0.000357 0.089918 -0.005395
0.840000 1.396868 0.000524 0.836437 -0.000357 0.086028 -0.005162
0.840000 1.396643 0.000501 0.836747 -0.000354 0.082156 -0.004929
0.840000 1.396438 0.000478 0.837042 -0.000351 0.078307 -0.004698
0.840000 1.396252 0.000455 0.837322 -0.000346 0.074505 -0.004470
0.840000 1.396082 0.000432 0.837590 -0.000341 0.070708 -0.004242
0.840000 1.395929 0.000409 0.837843 -0.000334 0.066984 -0.004019
0.840000 1.395793 0.000387 0.838081 -0.000327 0.063361 -0.003802
0.840000 1.395672 0.000365 0.838306 -0.000320 0.059811 -0.003589
0.840000 1.395585 0.000348 0.838479 -0.000313 0.056968 -0.003418
0.840000 1.395506 0.000331 0.838643 -0.000306 0.054186 -0.003251
0.840000 1.395437 0.000315 0.838799 -0.000299 0.051452 -0.003087
0.840000 1.395375 0.000298 0.838946 -0.000292 0.048790 -0.002927
0.840000 1.395321 0.000283 0.839084 -0.000284 0.046210 -0.002773
0.840000 1.395275 0.000268 0.839215 -0.000276 0.043703 -0.002622
0.840000 1.395236 0.000253 0.839337 -0.000267 0.041274 -0.002476
0.840000 1.395203 0.000238 0.839451 -0.000259 0.038919 -0.002335
0.840000 1.395178 0.000226 0.839550 -0.000251 0.036846 -0.002211
0.840000 1.395158 0.000214 0.839642 -0.000244 0.034833 -0.002090
0.840000 1.395143 0.000202 0.839730 -0.000237 0.032881 -0.001973
0.840000 1.395131 0.000190 0.839812 -0.000230 0.030988 -0.001859
0.840000 1.395124 0.000179 0.839888 -0.000222 0.029163 -0.001750
0.840000 1.395120 0.000168 0.839959 -0.000215 0.027398 -0.001644
0.840000 1.395120 0.000158 0.840026 -0.000207 0.025692 -0.001542
0.840000 1.395123 0.000148 0.840088 -0.000200 0.024047 -0.001443
0.840000 1.395129 0.000137 0.840150 -0.000192 0.022324 -0.001339
0.840000 1.395139 0.000127 0.840208 -0.000184 0.020671 -0.001240
0.840000 1.395151 0.000118 0.840261 -0.000176 0.019087 -0.001145
0.840000 1.395167 0.000109 0.840309 -0.000169 0.017571 -0.001054
