0.500000 0.000000 0.000000 0.500000 0.000000 -13.855000 0.831300
0.500000 -0.000000 0.000000 0.499950 0.000050 -13.853973 0.831238
0.500000 -0.000000 0.000000 0.499900 0.000100 -13.852946 0.831177
0.500000 -0.000000 0.000000 0.499849 0.000149 -13.851919 0.831115
0.500000 -0.000000 0.000000 0.499799 0.000199 -13.850892 0.831054
0.500000 -0.000000 0.000000 0.499548 0.000448 -13.845758 0.830745
0.500000 -0.000000 0.000000 0.499297 0.000697 -13.840624 0.830437
0.500000 -0.000000 0.000000 0.499046 0.000946 -13.835491 0.830129
0.500000 -0.000000 0.000000 0.498795 0.001194 -13.830359 0.829822
0.500000 -0.000000 0.000000 0.497543 0.002436 -13.804706 0.828282
0.500000 -0.000000 0.000000 0.496293 0.003675 -13.779069 0.826744
0.500000 -0.000001 0.000001 0.495045 0.004912 -13.753448 0.825207
0.500000 -0.000001 0.000001 0.493799 0.006147 -13.727842 0.823671
0.500000 -0.000004 0.000004 0.487606 0.012287 -13.600048 0.816003
0.500000 -0.000010 0.000010 0.481470 0.018370 -13.472647 0.808359
0.500000 -0.000018 0.000017 0.475391 0.024396 -13.345637 0.800738
0.500000 -0.000027 0.000027 0.469370 0.030366 -13.219020 0.793141
0.500000 -0.000108 0.000107 0.440103 0.059381 -12.591823 0.755509
0.500000 -0.000240 0.000238 0.412208 0.087037 -11.974447 0.718467
0.500000 -0.000421 0.000417 0.385646 0.113374 -11.366899 0.682014
0.500000 -0.000647 0.000641 0.360379 0.138431 -10.769181 0.646151
0.500000 -0.001582 0.001569 0.291901 0.206370 -9.033262 0.541996
0.500000 -0.002856 0.002832 0.233775 0.264099 -7.385556 0.443133
0.500000 -0.004415 0.004379 0.185086 0.312544 -5.825305 0.349518
0.500000 -0.006212 0.006163 0.144975 0.352564 -4.351466 0.261088
0.500000 -0.009146 0.009078 0.100463 0.397230 -2.367041 0.142022
0.500000 -0.012369 0.012286 0.070045 0.428142 -0.555074 0.033304
0.500000 -0.015782 0.015687 0.051687 0.447332 1.091653 -0.065499
0.500000 -0.019296 0.019198 0.043538 0.456648 2.581136 -0.154868
0.500000 -0.023847 0.023760 0.045383 0.456785 4.280139 -0.256808
0.500000 -0.028323 0.028270 0.058298 0.446366 5.754669 -0.345280
0.500000 -0.032630 0.032638 0.079665 0.427977 7.025739 -0.421544
0.500000 -0.036692 0.036793 0.107244 0.403824 8.112639 -0.486758
0.500000 -0.041111 0.041369 0.145443 0.370221 9.187681 -0.551261
0.500000 -0.045055 0.045528 0.187428 0.333346 10.059630 -0.603578
0.500000 -0.048496 0.049247 0.231375 0.294956 10.754919 -0.645295
0.500000 -0.051413 0.052510 0.275841 0.256436 11.295458 -0.677727
0.500000 -0.053994 0.055553 0.323750 0.215398 11.731755 -0.703905
0.500000 -0.055967 0.058077 0.370128 0.176210 12.030706 -0.721842
0.500000 -0.057359 0.060115 0.414359 0.139419 12.213063 -0.732784
0.500000 -0.058196 0.061696 0.455972 0.105435 12.296463 -0.737788
0.500000 -0.058511 0.062874 0.495495 0.073851 12.295663 -0.737740
0.500000 -0.058326 0.063657 0.531915 0.045456 12.223338 -0.733400
0.500000 -0.057682 0.064088 0.565234 0.020202 12.092959 -0.725578
0.500000 -0.056620 0.064207 0.595471 -0.001968 11.916267 -0.714976
0.500000 -0.055265 0.064065 0.621275 -0.020180 11.716061 -0.702964
0.500000 -0.053604 0.063713 0.644558 -0.035926 11.491284 -0.689477
0.500000 -0.051669 0.063179 0.665481 -0.049389 11.248432 -0.674906
0.500000 -0.049486 0.062490 0.684195 -0.060737 10.993115 -0.659587
0.500000 -0.047012 0.061647 0.701303 -0.070383 10.722601 -0.643356
0.500000 -0.044331 0.060692 0.716460 -0.078205 10.448014 -0.626881
0.500000 -0.041468 0.059648 0.729870 -0.084415 10.172669 -0.610360
0.500000 -0.038443 0.058534 0.741714 -0.089203 9.899290 -0.593957
0.500000 -0.034480 0.057074 0.754526 -0.093443 9.565004 -0.573900
0.500000 -0.030328 0.055559 0.765531 -0.096111 9.239501 -0.554370
0.500000 -0.026012 0.054013 0.775038 -0.097520 8.924303 -0.535458
0.500000 -0.021555 0.052452 0.783300 -0.097924 8.620512 -0.517231
0.500000 -0.015772 0.050490 0.792271 -0.097343 8.255145 -0.495309
0.500000 -0.009820 0.048548 0.800025 -0.095917 7.907579 -0.474455
0.500000 -0.003722 0.046639 0.806873 -0.093947 7.576288 -0.454577
0.500000 0.002508 0.044773 0.813046 -0.091655 7.260320 -0.435619
0.500000 0.010774 0.042425 0.820364 -0.088489 6.870919 -0.412255
0.500000 0.019224 0.040160 0.827094 -0.085291 6.500881 -0.390053
0.500000 0.027849 0.037971 0.833363 -0.082165 6.146526 -0.368792
0.500000 0.036634 0.035861 0.839297 -0.079221 5.806327 -0.348380
0.500000 0.044509 0.034065 0.844322 -0.076827 5.516874 -0.331012
0.500000 0.052497 0.032321 0.849124 -0.074585 5.235759 -0.314146
0.500000 0.060593 0.030627 0.853691 -0.072474 4.962208 -0.297732
0.500000 0.068793 0.028980 0.858027 -0.070486 4.695672 -0.281740
0.500000 0.078547 0.027102 0.862828 -0.068298 4.390992 -0.263460
0.500000 0.088426 0.025283 0.867279 -0.066221 4.094995 -0.245700
0.500000 0.098420 0.023518 0.871363 -0.064225 3.807451 -0.228447
0.500000 0.108521 0.021806 0.875084 -0.062300 3.528081 -0.211685
0.500000 0.122070 0.019613 0.879467 -0.059839 3.169582 -0.190175
0.500000 0.135764 0.017507 0.883211 -0.057451 2.825038 -0.169502
0.500000 0.149581 0.015487 0.886331 -0.055124 2.494373 -0.149662
0.500000 0.163499 0.013549 0.888852 -0.052852 2.177134 -0.130628
0.500000 0.183980 0.010859 0.891487 -0.049607 1.736848 -0.104211
0.500000 0.204569 0.008337 0.892975 -0.046477 1.324030 -0.079442
0.500000 0.225205 0.005978 0.893421 -0.043487 0.937869 -0.056272
0.500000 0.245837 0.003775 0.892866 -0.040601 0.577133 -0.034628
0.500000 0.265252 0.001831 0.891471 -0.037953 0.259290 -0.015557
0.500000 0.284579 0.000017 0.889315 -0.035402 -0.037424 0.002245
0.500000 0.303782 -0.001675 0.886452 -0.032944 -0.313918 0.018835
0.500000 0.322827 -0.003247 0.882940 -0.030582 -0.570845 0.034251
0.500000 0.345399 -0.004981 0.877953 -0.027879 -0.854117 0.051247
0.500000 0.367652 -0.006558 0.872194 -0.025309 -1.111694 0.066702
0.500000 0.389541 -0.007986 0.865746 -0.022874 -1.344658 0.080680
0.500000 0.411029 -0.009273 0.858686 -0.020568 -1.554606 0.093276
0.500000 0.434414 -0.010549 0.850181 -0.018133 -1.762403 0.105744
0.500000 0.457218 -0.011670 0.841105 -0.015853 -1.944873 0.116692
0.500000 0.479408 -0.012645 0.831562 -0.013742 -2.104023 0.126241
0.500000 0.500952 -0.013485 0.821589 -0.011753 -2.240712 0.134443
0.500000 0.513626 -0.013930 0.815389 -0.010602 -2.312675 0.138761
0.500000 0.526051 -0.014329 0.809088 -0.009505 -2.377372 0.142642
0.500000 0.538224 -0.014687 0.802696 -0.008455 -2.435089 0.146105
0.500000 0.550140 -0.015003 0.796229 -0.007454 -2.486171 0.149170
0.500000 0.561798 -0.015281 0.789703 -0.006502 -2.530946 0.151857
0.500000 0.573195 -0.015521 0.783124 -0.005593 -2.569658 0.154179
0.500000 0.584330 -0.015726 0.776507 -0.004727 -2.602573 0.156154
0.500000 0.595201 -0.015898 0.769862 -0.003901 -2.629971 0.157798
0.500000 0.608848 -0.016072 0.761255 -0.002893 -2.657617 0.159457
0.500000 0.622053 -0.016196 0.752643 -0.001949 -2.677050 0.160623
0.500000 0.634815 -0.016273 0.744046 -0.001067 -2.688814 0.161329
0.500000 0.647137 -0.016307 0.735483 -0.000245 -2.693413 0.161605
0.500000 0.661220 -0.016294 0.725369 0.000657 -2.690236 0.161414
0.500000 0.674688 -0.016228 0.715354 0.001482 -2.678428 0.160706
0.500000 0.687548 -0.016114 0.705464 0.002234 -2.658748 0.159525
0.500000 0.699808 -0.015957 0.695722 0.002916 -2.631920 0.157915
0.500000 0.711478 -0.015759 0.686148 0.003531 -2.598641 0.155918
0.500000 0.722568 -0.015527 0.676760 0.004082 -2.559553 0.153573
0.500000 0.733090 -0.015262 0.667574 0.004571 -2.515265 0.150916
0.500000 0.743057 -0.014969 0.658602 0.005005 -2.466373 0.147982
0.500000 0.752747 -0.014641 0.649606 0.005397 -2.411822 0.144709
0.500000 0.761879 -0.014290 0.640860 0.005737 -2.353536 0.141212
0.500000 0.770470 -0.013920 0.632370 0.006030 -2.292065 0.137524
0.500000 0.778535 -0.013533 0.624147 0.006277 -2.227852 0.133671
0.500000 0.786072 -0.013133 0.616219 0.006479 -2.161560 0.129694
0.500000 0.793121 -0.012722 0.608566 0.006641 -2.093417 0.125605
0.500000 0.799699 -0.012301 0.601193 0.006764 -2.023751 0.121425
0.500000 0.805822 -0.011874 0.594101 0.006851 -1.953050 0.117183
0.500000 0.811392 -0.011451 0.587431 0.006910 -1.883168 0.112990
0.500000 0.816560 -0.011026 0.581030 0.006940 -1.812901 0.108774
0.500000 0.821344 -0.010600 0.574898 0.006942 -1.742627 0.104558
0.500000 0.825760 -0.010174 0.569029 0.006923 -1.672415 0.100345
0.500000 0.828956 -0.009844 0.564637 0.006895 -1.617838 0.097070
0.500000 0.831945 -0.009515 0.560404 0.006854 -1.563561 0.093814
0.500000 0.834736 -0.009188 0.556325 0.006802 -1.509645 0.090579
0.500000 0.837335 -0.008864 0.552401 0.006740 -1.456214 0.087373
0.500000 0.839751 -0.008544 0.548632 0.006666 -1.403373 0.084202
0.500000 0.841989 -0.008227 0.545011 0.006583 -1.351158 0.081069
0.500000 0.844058 -0.007914 0.541539 0.006492 -1.299633 0.077978
0.500000 0.845965 -0.007606 0.538210 0.006394 -1.248858 0.074931
0.500000 0.848057 -0.007241 0.534385 0.006267 -1.188712 0.071323
0.500000 0.849933 -0.006883 0.530761 0.006133 -1.129816 0.067789
0.500000 0.851607 -0.006534 0.527331 0.005992 -1.072254 0.064335
0.500000 0.853089 -0.006193 0.524092 0.005845 -1.016078 0.060965
0.500000 0.854613 -0.005799 0.520487 0.005662 -0.951289 0.057077
0.500000 0.855899 -0.005418 0.517133 0.005473 -0.888598 0.053316
0.500000 0.856964 -0.005050 0.514023 0.005277 -0.828030 0.049682
0.500000 0.857824 -0.004696 0.511146 0.005077 -0.769711 0.046183
0.500000 0.858491 -0.004356 0.508500 0.004877 -0.713855 0.042831
0.500000 0.858986 -0.004030 0.506066 0.004675 -0.660307 0.039618
0.500000 0.859323 -0.003719 0.503832 0.004473 -0.609208 0.036552
0.500000 0.859513 -0.003421 0.501787 0.004275 -0.560307 0.033618
0.500000 0.859571 -0.003156 0.500050 0.004085 -0.516743 0.031005
0.500000 0.859522 -0.002902 0.498460 0.003900 -0.475052 0.028503
0.500000 0.859377 -0.002660 0.497001 0.003729 -0.434962 0.026098
0.500000 0.859145 -0.002428 0.495688 0.003551 -0.396855 0.023811
0.500000 0.858971 -0.002298 0.494987 0.003440 -0.375564 0.022534
0.500000 0.858772 -0.002172 0.494325 0.003334 -0.354903 0.021294
0.500000 0.858548 -0.002050 0.493704 0.003229 -0.334876 0.020093
0.500000 0.858303 -0.001931 0.493122 0.003127 -0.315457 0.018927
0.500000 0.858036 -0.001816 0.492576 0.003029 -0.296624 0.017797
0.500000 0.857750 -0.001705 0.492069 0.002931 -0.278390 0.016703
0.500000 0.857445 -0.001598 0.491597 0.002836 -0.260753 0.015645
0.500000 0.857124 -0.001494 0.491160 0.002741 -0.243700 0.014622
0.500000 0.856672 -0.001361 0.490632 0.002617 -0.221887 0.013313
0.500000 0.856195 -0.001234 0.490160 0.002495 -0.201078 0.012065
0.500000 0.855696 -0.001113 0.489742 0.002377 -0.181249 0.010875
0.500000 0.855178 -0.000998 0.489375 0.002261 -0.162379 0.009743
0.500000 0.854419 -0.000846 0.488939 0.002103 -0.137389 0.008243
0.500000 0.853634 -0.000704 0.488593 0.001951 -0.114181 0.006851
0.500000 0.852827 -0.000573 0.488330 0.001804 -0.092686 0.005561
0.500000 0.852004 -0.000452 0.488141 0.001663 -0.072840 0.004370
0.500000 0.851403 -0.000370 0.488048 0.001566 -0.059490 0.003569
0.500000 0.850798 -0.000294 0.487988 0.001472 -0.046933 0.002816
0.500000 0.850191 -0.000222 0.487959 0.001382 -0.035145 0.002109
0.500000 0.849583 -0.000154 0.487959 0.001295 -0.024096 0.001446
0.500000 0.848976 -0.000091 0.487988 0.001210 -0.013758 0.000825
0.500000 0.848371 -0.000032 0.488041 0.001129 -0.004109 0.000247
0.500000 0.847769 0.000023 0.488119 0.001050 0.004881 -0.000293
0.500000 0.847172 0.000074 0.488217 0.000975 0.013233 -0.000794
0.500000 0.846434 0.000133 0.488368 0.000885 0.022799 -0.001368
0.500000 0.845707 0.000186 0.488547 0.000800 0.031460 -0.001888
0.500000 0.844993 0.000233 0.488750 0.000719 0.039260 -0.002356
0.500000 0.844291 0.000276 0.488975 0.000643 0.046252 -0.002775
0.500000 0.843718 0.000308 0.489178 0.000583 0.051497 -0.003090
0.500000 0.843156 0.000338 0.489392 0.000526 0.056238 -0.003374
0.500000 0.842605 0.000364 0.489617 0.000472 0.060501 -0.003630
0.500000 0.842066 0.000387 0.489851 0.000420 0.064308 -0.003858
0.500000 0.841540 0.000408 0.490093 0.000371 0.067679 -0.004061
0.500000 0.841027 0.000426 0.490342 0.000325 0.070641 -0.004238
0.500000 0.840527 0.000442 0.490596 0.000281 0.073215 -0.004393
0.500000 0.840040 0.000456 0.490856 0.000240 0.075423 -0.004525
0.500000 0.839463 0.000470 0.491178 0.000192 0.077662 -0.004660
0.500000 0.838906 0.000481 0.491505 0.000148 0.079420 -0.004765
0.500000 0.838371 0.000489 0.491833 0.000108 0.080733 -0.004844
0.500000 0.837857 0.000494 0.492162 0.000071 0.081638 -0.004898
0.500000 0.837350 0.000498 0.492500 0.000036 0.082173 -0.004930
0.500000 0.836866 0.000499 0.492837 0.000004 0.082345 -0.004941
0.500000 0.836403 0.000498 0.493172 -0.000026 0.082194 -0.004932
0.500000 0.835963 0.000496 0.493503 -0.000053 0.081734 -0.004904
0.500000 0.835594 0.000492 0.493789 -0.000075 0.081104 -0.004866
0.500000 0.835242 0.000487 0.494072 -0.000094 0.080279 -0.004817
0.500000 0.834905 0.000481 0.494349 -0.000111 0.079265 -0.004756
0.500000 0.834585 0.000474 0.494620 -0.000126 0.078100 -0.004686
0.500000 0.834305 0.000467 0.494865 -0.000139 0.076913 -0.004615
0.500000 0.834038 0.000460 0.495105 -0.000151 0.075620 -0.004537
0.500000 0.833783 0.000451 0.495340 -0.000162 0.074239 -0.004454
0.500000 0.833541 0.000442 0.495569 -0.000171 0.072769 -0.004366
0.500000 0.833247 0.000430 0.495856 -0.000181 0.070769 -0.004246
0.500000 0.832973 0.000418 0.496133 -0.000189 0.068656 -0.004119
0.500000 0.832717 0.000404 0.496402 -0.000198 0.066430 -0.003986
0.500000 0.832479 0.000391 0.496660 -0.000204 0.064139 -0.003848
0.500000 0.832340 0.000382 0.496814 -0.000206 0.062704 -0.003762
0.500000 0.832208 0.000373 0.496964 -0.000208 0.061254 -0.003675
0.500000 0.832082 0.000364 0.497110 -0.000210 0.059791 -0.003587
0.500000 0.831962 0.000355 0.497252 -0.000211 0.058317 -0.003499
0.500000 0.831848 0.000346 0.497391 -0.000212 0.056831 -0.003410
0.500000 0.831740 0.000337 0.497526 -0.000212 0.055340 -0.003320
0.500000 0.831637 0.000328 0.497657 -0.000213 0.053848 -0.003231
0.500000 0.831540 0.000319 0.497784 -0.000212 0.052355 -0.003141
0.500000 0.831416 0.000307 0.497952 -0.000212 0.050309 -0.003019
0.500000 0.831301 0.000294 0.498113 -0.000210 0.048273 -0.002896
0.500000 0.831195 0.000282 0.498266 -0.000208 0.046252 -0.002775
0.500000 0.831098 0.000270 0.498413 -0.000206 0.044253 -0.002655
0.500000 0.830993 0.000256 0.498579 -0.000203 0.041906 -0.002514
0.500000 0.830900 0.000242 0.498735 -0.000199 0.039602 -0.002376
0.500000 0.830817 0.000228 0.498881 -0.000194 0.037352 -0.002241
0.500000 0.830744 0.000215 0.499018 -0.000189 0.035155 -0.002109
0.500000 0.830680 0.000202 0.499146 -0.000183 0.033016 -0.001981
0.500000 0.830625 0.000189 0.499266 -0.000178 0.030938 -0.001856
0.500000 0.830577 0.000177 0.499380 -0.000173 0.028914 -0.001735
0.500000 0.830538 0.000165 0.499485 -0.000168 0.026957 -0.001617
0.500000 0.830516 0.000158 0.499547 -0.000164 0.025746 -0.001545
0.500000 0.830497 0.000150 0.499606 -0.000160 0.024566 -0.001474
0.500000 0.830481 0.000143 0.499662 -0.000155 0.023415 -0.001405
0.500000 0.830467 0.000137 0.499715 -0.000151 0.022293 -0.001338
0.500000 0.830456 0.000130 0.499766 -0.000147 0.021201 -0.001272
0.500000 0.830446 0.000123 0.499814 -0.000143 0.020137 -0.001208
0.500000 0.830439 0.000117 0.499859 -0.000139 0.019103 -0.001146
0.500000 0.830434 0.000111 0.499902 -0.000135 0.018099 -0.001086
0.500000 0.830429 0.000103 0.499959 -0.000130 0.016728 -0.001004
0.500000 0.830429 0.000095 0.500011 -0.000124 0.015416 -0.000925
0.500000 0.830431 0.000087 0.500058 -0.000118 0.014159 -0.000850
0.500000 0.830436 0.000080 0.500101 -0.000113 0.012961 -0.000778
0.500000 0.830440 0.000076 0.500123 -0.000110 0.012336 -0.000740
0.500000 0.830444 0.000072 0.500143 -0.000107 0.011727 -0.000704
0.500000 0.830449 0.000069 0.500162 -0.000104 0.011135 -0.000668
0.500000 0.830455 0.000065 0.500181 -0.000101 0.010559 -0.000634
