0.760000 0.000000 0.000000 0.760000 0.000000 -21.059600 1.263576
0.760000 -0.000000 0.000000 0.759950 0.000050 -21.058573 1.263514
0.760000 -0.000000 0.000000 0.759900 0.000100 -21.057546 1.263453
0.760000 -0.000000 0.000000 0.759849 0.000149 -21.056519 1.263391
0.760000 -0.000000 0.000000 0.759799 0.000199 -21.055492 1.263330
0.760000 -0.000000 0.000000 0.759548 0.000448 -21.050357 1.263021
0.760000 -0.000000 0.000000 0.759297 0.000697 -21.045223 1.262713
0.760000 -0.000000 0.000000 0.759046 0.000946 -21.040090 1.262405
0.760000 -0.000000 0.000000 0.758795 0.001195 -21.034956 1.262097
0.760000 -0.000000 0.000000 0.757541 0.002437 -21.009296 1.260558
0.760000 -0.000000 0.000000 0.756289 0.003679 -20.983645 1.259019
0.760000 -0.000000 0.000000 0.755038 0.004919 -20.958005 1.257480
0.760000 -0.000001 0.000001 0.753789 0.006157 -20.932376 1.255943
0.760000 -0.000003 0.000003 0.747567 0.012326 -20.804382 1.248263
0.760000 -0.000007 0.000006 0.741382 0.018457 -20.676647 1.240599
0.760000 -0.000012 0.000012 0.735235 0.024551 -20.549169 1.232950
0.760000 -0.000018 0.000018 0.729126 0.030607 -20.421949 1.225317
0.760000 -0.000072 0.000071 0.699140 0.060334 -19.789721 1.187383
0.760000 -0.000161 0.000159 0.670076 0.089148 -19.163950 1.149837
0.760000 -0.000283 0.000280 0.641915 0.117068 -18.544641 1.112678
0.760000 -0.000437 0.000433 0.614641 0.144110 -17.931798 1.075908
0.760000 -0.001416 0.001404 0.509530 0.248352 -15.431974 0.925918
0.760000 -0.002877 0.002853 0.418523 0.338666 -13.045968 0.782758
0.760000 -0.004754 0.004714 0.340501 0.416182 -10.773495 0.646410
0.760000 -0.006984 0.006928 0.274415 0.481956 -8.614037 0.516842
0.760000 -0.010822 0.010738 0.196315 0.559966 -5.618746 0.337125
0.760000 -0.015151 0.015041 0.139318 0.617326 -2.864662 0.171880
0.760000 -0.019828 0.019697 0.100669 0.656797 -0.344195 0.020652
0.760000 -0.024728 0.024583 0.077798 0.680945 1.952260 -0.117136
0.760000 -0.031370 0.031223 0.067766 0.693360 4.665867 -0.279952
0.760000 -0.038017 0.037896 0.076355 0.687913 7.039667 -0.422380
0.760000 -0.044514 0.044452 0.099354 0.668775 9.106650 -0.546399
0.760000 -0.050734 0.050772 0.133129 0.639541 10.897603 -0.653856
0.760000 -0.057562 0.057777 0.182498 0.596313 12.688367 -0.761302
0.760000 -0.063789 0.064256 0.238841 0.546896 14.183939 -0.851036
0.760000 -0.069359 0.070160 0.299284 0.494079 15.422822 -0.925369
0.760000 -0.074232 0.075458 0.361626 0.439984 16.435176 -0.986111
0.760000 -0.078907 0.080734 0.432886 0.378767 17.344051 -1.040643
0.760000 -0.082671 0.085231 0.502990 0.319289 18.027630 -1.081658
0.760000 -0.085549 0.088984 0.570862 0.262518 18.515193 -1.110912
0.760000 -0.087570 0.092026 0.635718 0.209142 18.830839 -1.129850
0.760000 -0.088859 0.094629 0.703832 0.154162 19.005852 -1.140351
0.760000 -0.089202 0.096477 0.767257 0.104112 19.022264 -1.141336
0.760000 -0.088673 0.097646 0.825837 0.059049 18.905579 -1.134335
0.760000 -0.087338 0.098205 0.879446 0.019007 18.678501 -1.120710
0.760000 -0.085507 0.098240 0.923353 -0.012729 18.397469 -1.103848
0.760000 -0.083133 0.097891 0.963371 -0.040645 18.058385 -1.083503
0.760000 -0.080269 0.097206 0.999641 -0.064926 17.674003 -1.060440
0.760000 -0.076959 0.096230 1.032301 -0.085743 17.255755 -1.035345
0.760000 -0.073227 0.094998 1.061665 -0.103377 16.811355 -1.008681
0.760000 -0.069136 0.093557 1.087793 -0.117977 16.352003 -0.981120
0.760000 -0.064725 0.091945 1.110934 -0.129811 15.885340 -0.953120
0.760000 -0.060032 0.090196 1.131321 -0.139127 15.417817 -0.925069
0.760000 -0.054083 0.087962 1.152458 -0.147324 14.863823 -0.891829
0.760000 -0.047829 0.085623 1.170464 -0.152756 14.322732 -0.859364
0.760000 -0.041318 0.083219 1.185794 -0.155884 13.799124 -0.827947
0.760000 -0.034586 0.080781 1.198842 -0.157103 13.296221 -0.797773
0.760000 -0.026469 0.077921 1.211705 -0.156591 12.736308 -0.764178
0.760000 -0.018137 0.075084 1.222531 -0.154543 12.207134 -0.732428
0.760000 -0.009621 0.072294 1.231811 -0.151434 11.707273 -0.702436
0.760000 -0.000948 0.069568 1.239928 -0.147636 11.235244 -0.674115
0.760000 0.012129 0.065680 1.250505 -0.141425 10.584358 -0.635061
0.760000 0.025478 0.061959 1.259960 -0.135043 9.978615 -0.598717
0.760000 0.039085 0.058395 1.268705 -0.128847 9.407304 -0.564438
0.760000 0.052923 0.054991 1.277063 -0.123126 8.866076 -0.531965
0.760000 0.064560 0.052287 1.283837 -0.118857 8.437547 -0.506253
0.760000 0.076346 0.049674 1.290440 -0.114964 8.022811 -0.481369
0.760000 0.088279 0.047144 1.296836 -0.111391 7.619910 -0.457195
0.760000 0.100354 0.044689 1.303022 -0.108121 7.227509 -0.433651
0.760000 0.113748 0.042079 1.309549 -0.104851 6.808123 -0.408487
0.760000 0.127298 0.039546 1.315731 -0.101816 6.399373 -0.383962
0.760000 0.140996 0.037085 1.321521 -0.098954 6.000857 -0.360051
0.760000 0.154830 0.034692 1.326903 -0.096234 5.612149 -0.336729
0.760000 0.173271 0.031635 1.333359 -0.092814 5.113850 -0.306831
0.760000 0.191908 0.028686 1.339043 -0.089519 4.632286 -0.277937
0.760000 0.210716 0.025844 1.343951 -0.086314 4.167624 -0.250057
0.760000 0.229669 0.023104 1.348099 -0.083182 3.719360 -0.223162
0.760000 0.256260 0.019452 1.352620 -0.078896 3.121746 -0.187305
0.760000 0.283023 0.015992 1.355781 -0.074729 2.555337 -0.153320
0.760000 0.309895 0.012720 1.357698 -0.070719 2.019642 -0.121179
0.760000 0.336825 0.009626 1.358402 -0.066818 1.513328 -0.090800
0.760000 0.362119 0.006878 1.357992 -0.063223 1.063732 -0.063824
0.760000 0.387376 0.004279 1.356646 -0.059734 0.638746 -0.038325
0.760000 0.412557 0.001825 1.354425 -0.056356 0.237523 -0.014251
0.760000 0.437627 -0.000488 1.351382 -0.053084 -0.140635 0.008438
0.760000 0.473038 -0.003546 1.345729 -0.048602 -0.640553 0.038433
0.760000 0.508065 -0.006342 1.338669 -0.044336 -1.097269 0.065836
0.760000 0.542627 -0.008885 1.330351 -0.040295 -1.512558 0.090753
0.760000 0.576654 -0.011191 1.320895 -0.036461 -1.889071 0.113344
0.760000 0.610081 -0.013273 1.310396 -0.032800 -2.228799 0.133728
0.760000 0.642850 -0.015141 1.299003 -0.029340 -2.533506 0.152010
0.760000 0.674909 -0.016808 1.286845 -0.026094 -2.805466 0.168328
0.760000 0.706215 -0.018283 1.273987 -0.023019 -3.046020 0.182761
0.760000 0.730378 -0.019321 1.263397 -0.020703 -3.214733 0.192884
0.760000 0.754030 -0.020251 1.252491 -0.018500 -3.365883 0.201953
0.760000 0.777157 -0.021080 1.241301 -0.016398 -3.500253 0.210015
0.760000 0.799748 -0.021811 1.229878 -0.014405 -3.618759 0.217126
0.760000 0.821791 -0.022450 1.218265 -0.012522 -3.722283 0.223337
0.760000 0.843278 -0.023003 1.206490 -0.010735 -3.811513 0.228691
0.760000 0.864203 -0.023472 1.194589 -0.009048 -3.887188 0.233231
0.760000 0.884560 -0.023863 1.182593 -0.007452 -3.950060 0.237004
0.760000 0.905904 -0.024203 1.169560 -0.005825 -4.004384 0.240263
0.760000 0.926579 -0.024462 1.156487 -0.004299 -4.045460 0.242728
0.760000 0.946582 -0.024646 1.143407 -0.002869 -4.074156 0.244449
0.760000 0.965916 -0.024758 1.130353 -0.001534 -4.091245 0.245475
0.760000 0.986806 -0.024806 1.115778 -0.000147 -4.097562 0.245854
0.760000 1.006860 -0.024777 1.101308 0.001131 -4.091329 0.245480
0.760000 1.026086 -0.024678 1.086976 0.002307 -4.073533 0.244412
0.760000 1.044492 -0.024514 1.072817 0.003381 -4.045169 0.242710
0.760000 1.067889 -0.024203 1.054154 0.004679 -3.992155 0.239529
0.760000 1.089863 -0.023798 1.035913 0.005812 -3.923922 0.235435
0.760000 1.110448 -0.023311 1.018152 0.006785 -3.842505 0.230550
0.760000 1.129683 -0.022754 1.000896 0.007626 -3.749595 0.224976
0.760000 1.140499 -0.022394 0.990885 0.008072 -3.689533 0.221372
0.760000 1.150860 -0.022014 0.981076 0.008472 -3.626331 0.217580
0.760000 1.160776 -0.021617 0.971471 0.008834 -3.560306 0.213618
0.760000 1.170257 -0.021205 0.962079 0.009154 -3.491773 0.209506
0.760000 1.179312 -0.020779 0.952906 0.009434 -3.421038 0.205262
0.760000 1.187951 -0.020340 0.943952 0.009678 -3.348362 0.200902
0.760000 1.196185 -0.019892 0.935220 0.009888 -3.273993 0.196440
0.760000 1.204024 -0.019434 0.926712 0.010066 -3.198190 0.191891
0.760000 1.213774 -0.018819 0.915836 0.010257 -3.096421 0.185785
0.760000 1.222879 -0.018194 0.905357 0.010399 -2.993055 0.179583
0.760000 1.231362 -0.017562 0.895274 0.010494 -2.888569 0.173314
0.760000 1.239248 -0.016926 0.885588 0.010548 -2.783386 0.167003
0.760000 1.250782 -0.015895 0.870787 0.010547 -2.613273 0.156796
0.760000 1.260920 -0.014867 0.856993 0.010468 -2.443684 0.146621
0.760000 1.269760 -0.013851 0.844178 0.010331 -2.275614 0.136537
0.760000 1.277398 -0.012853 0.832357 0.010110 -2.110859 0.126652
0.760000 1.280052 -0.012472 0.828044 0.010001 -2.048299 0.122898
0.760000 1.282546 -0.012096 0.823866 0.009889 -1.986385 0.119183
0.760000 1.284885 -0.011725 0.819824 0.009771 -1.925182 0.115511
0.760000 1.287073 -0.011357 0.815917 0.009649 -1.864703 0.111882
0.760000 1.289116 -0.010995 0.812140 0.009522 -1.804965 0.108298
0.760000 1.291019 -0.010637 0.808496 0.009390 -1.746038 0.104762
0.760000 1.292786 -0.010284 0.804980 0.009253 -1.687963 0.101278
0.760000 1.294423 -0.009937 0.801592 0.009111 -1.630767 0.097846
0.760000 1.296687 -0.009416 0.796647 0.008885 -1.544989 0.092699
0.760000 1.298672 -0.008908 0.791986 0.008650 -1.461425 0.087686
0.760000 1.300396 -0.008415 0.787598 0.008408 -1.380138 0.082808
0.760000 1.301873 -0.007935 0.783478 0.008161 -1.301204 0.078072
0.760000 1.303256 -0.007414 0.779159 0.007878 -1.215492 0.072930
0.760000 1.304369 -0.006912 0.775152 0.007591 -1.132852 0.067971
0.760000 1.305232 -0.006428 0.771447 0.007298 -1.053332 0.063200
0.760000 1.305863 -0.005963 0.768026 0.007004 -0.976941 0.058616
0.760000 1.306280 -0.005517 0.764880 0.006710 -0.903670 0.054220
0.760000 1.306501 -0.005091 0.761993 0.006418 -0.833531 0.050012
0.760000 1.306544 -0.004683 0.759347 0.006135 -0.766512 0.045991
0.760000 1.306422 -0.004294 0.756939 0.005853 -0.702558 0.042153
0.760000 1.306193 -0.003968 0.755015 0.005605 -0.648977 0.038939
0.760000 1.305858 -0.003656 0.753257 0.005360 -0.597713 0.035863
0.760000 1.305427 -0.003357 0.751661 0.005113 -0.548691 0.032921
0.760000 1.304910 -0.003072 0.750213 0.004871 -0.501946 0.030117
0.760000 1.304413 -0.002843 0.749100 0.004675 -0.464345 0.027861
0.760000 1.303865 -0.002623 0.748083 0.004483 -0.428272 0.025696
0.760000 1.303271 -0.002413 0.747157 0.004296 -0.393726 0.023624
0.760000 1.302635 -0.002211 0.746319 0.004112 -0.360649 0.021639
0.760000 1.301928 -0.002010 0.745533 0.003922 -0.327573 0.019654
0.760000 1.301184 -0.001818 0.744833 0.003736 -0.296051 0.017763
0.760000 1.300407 -0.001635 0.744216 0.003555 -0.266032 0.015962
0.760000 1.299601 -0.001461 0.743678 0.003378 -0.237497 0.014250
0.760000 1.298585 -0.001261 0.743121 0.003170 -0.204689 0.012281
0.760000 1.297539 -0.001073 0.742666 0.002968 -0.173950 0.010437
0.760000 1.296468 -0.000898 0.742308 0.002772 -0.145221 0.008713
0.760000 1.295378 -0.000734 0.742038 0.002583 -0.118414 0.007105
0.760000 1.294273 -0.000581 0.741850 0.002402 -0.093449 0.005607
0.760000 1.293160 -0.000440 0.741738 0.002228 -0.070261 0.004216
0.760000 1.292041 -0.000309 0.741692 0.002065 -0.048771 0.002926
0.760000 1.290923 -0.000187 0.741711 0.001907 -0.028912 0.001735
0.760000 1.289943 -0.000089 0.741779 0.001773 -0.012790 0.000767
0.760000 1.288969 0.000003 0.741887 0.001644 0.002174 -0.000130
0.760000 1.288001 0.000088 0.742036 0.001519 0.016033 -0.000962
0.760000 1.287043 0.000166 0.742220 0.001399 0.028823 -0.001729
0.760000 1.286228 0.000228 0.742402 0.001302 0.038992 -0.002340
0.760000 1.285421 0.000286 0.742605 0.001209 0.048441 -0.002906
0.760000 1.284625 0.000340 0.742829 0.001120 0.057195 -0.003432
0.760000 1.283840 0.000389 0.743070 0.001034 0.065284 -0.003917
0.760000 1.283021 0.000437 0.743345 0.000946 0.073155 -0.004389
0.760000 1.282216 0.000481 0.743636 0.000863 0.080340 -0.004820
0.760000 1.281425 0.000522 0.743943 0.000783 0.086873 -0.005212
0.760000 1.280650 0.000558 0.744263 0.000706 0.092781 -0.005567
0.760000 1.279519 0.000605 0.744764 0.000600 0.100526 -0.006032
0.760000 1.278426 0.000646 0.745286 0.000500 0.107032 -0.006422
0.760000 1.277371 0.000679 0.745826 0.000407 0.112381 -0.006743
0.760000 1.276357 0.000705 0.746379 0.000322 0.116677 -0.007001
0.760000 1.275707 0.000720 0.746750 0.000270 0.118985 -0.007139
0.760000 1.275076 0.000731 0.747123 0.000221 0.120892 -0.007254
0.760000 1.274463 0.000741 0.747499 0.000175 0.122422 -0.007345
0.760000 1.273868 0.000748 0.747875 0.000131 0.123593 -0.007416
0.760000 1.273291 0.000754 0.748252 0.000090 0.124427 -0.007466
0.760000 1.272732 0.000757 0.748628 0.000051 0.124945 -0.007497
0.760000 1.272192 0.000759 0.749003 0.000015 0.125167 -0.007510
0.760000 1.271669 0.000759 0.749376 -0.000019 0.125114 -0.007507
0.760000 1.271038 0.000756 0.749840 -0.000058 0.124684 -0.007481
0.760000 1.270436 0.000752 0.750299 -0.000094 0.123883 -0.007433
0.760000 1.269860 0.000745 0.750751 -0.000126 0.122741 -0.007364
0.760000 1.269312 0.000736 0.751196 -0.000155 0.121295 -0.007278
0.760000 1.268669 0.000723 0.751738 -0.000188 0.119109 -0.007147
0.760000 1.268065 0.000708 0.752265 -0.000216 0.116556 -0.006993
0.760000 1.267501 0.000691 0.752777 -0.000240 0.113700 -0.006822
0.760000 1.266974 0.000672 0.753273 -0.000261 0.110562 -0.006634
0.760000 1.266572 0.000656 0.753665 -0.000275 0.107828 -0.006470
0.760000 1.266194 0.000638 0.754046 -0.000287 0.104957 -0.006297
0.760000 1.265838 0.000620 0.754415 -0.000298 0.101950 -0.006117
0.760000 1.265505 0.000602 0.754771 -0.000306 0.098858 -0.005931
0.760000 1.265265 0.000587 0.755034 -0.000311 0.096461 -0.005788
0.760000 1.265037 0.000572 0.755291 -0.000315 0.094028 -0.005642
0.760000 1.264821 0.000558 0.755539 -0.000318 0.091572 -0.005494
0.760000 1.264617 0.000543 0.755781 -0.000320 0.089092 -0.005346
0.760000 1.264424 0.000527 0.756016 -0.000322 0.086591 -0.005195
0.760000 1.264241 0.000512 0.756243 -0.000323 0.084080 -0.005045
0.760000 1.264070 0.000497 0.756463 -0.000323 0.081566 -0.004894
0.760000 1.263908 0.000482 0.756675 -0.000323 0.079053 -0.004743
0.760000 1.263732 0.000464 0.756914 -0.000322 0.076124 -0.004567
0.760000 1.263568 0.000446 0.757144 -0.000320 0.073212 -0.004393
0.760000 1.263417 0.000429 0.757363 -0.000317 0.070321 -0.004219
0.760000 1.263278 0.000412 0.757574 -0.000313 0.067459 -0.004048
0.760000 1.263121 0.000390 0.757821 -0.000308 0.063967 -0.003838
0.760000 1.262981 0.000370 0.758054 -0.000302 0.060538 -0.003632
0.760000 1.262856 0.000349 0.758273 -0.000296 0.057187 -0.003431
0.760000 1.262745 0.000329 0.758479 -0.000289 0.053909 -0.003235
0.760000 1.262636 0.000307 0.758698 -0.000280 0.050302 -0.003018
0.760000 1.262543 0.000286 0.758901 -0.000271 0.046794 -0.002808
0.760000 1.262465 0.000265 0.759089 -0.000262 0.043355 -0.002601
0.760000 1.262401 0.000245 0.759261 -0.000252 0.040062 -0.002404
0.760000 1.262375 0.000236 0.759340 -0.000246 0.038528 -0.002312
0.760000 1.262352 0.000227 0.759415 -0.000241 0.037024 -0.002221
0.760000 1.262331 0.000218 0.759487 -0.000235 0.035551 -0.002133
0.760000 1.262313 0.000209 0.759556 -0.000230 0.034108 -0.002047
0.760000 1.262297 0.000200 0.759623 -0.000225 0.032693 -0.001962
0.760000 1.262284 0.000192 0.759686 -0.000220 0.031308 -0.001878
0.760000 1.262273 0.000184 0.759746 -0.000215 0.029956 -0.001797
0.760000 1.262265 0.000176 0.759804 -0.000210 0.028635 -0.001718
0.760000 1.262256 0.000164 0.759885 -0.000202 0.026714 -0.001603
0.760000 1.262252 0.000153 0.759960 -0.000194 0.024864 -0.001492
0.760000 1.262252 0.000142 0.760029 -0.000187 0.023087 -0.001385
0.760000 1.262255 0.000132 0.760093 -0.000179 0.021381 -0.001283
0.760000 1.262261 0.000123 0.760145 -0.000173 0.019939 -0.001196
0.760000 1.262269 0.000114 0.760193 -0.000166 0.018552 -0.001113
0.760000 1.262280 0.000106 0.760237 -0.000159 0.017220 -0.001033
0.760000 1.262293 0.000098 0.760278 -0.000153 0.015940 -0.000956
