0.160000 0.000000 0.000000 0.160000 0.000000 -4.433600 0.266016
0.160000 -0.000000 0.000000 0.159950 0.000050 -4.432573 0.265954
0.160000 -0.000000 0.000000 0.159900 0.000100 -4.431546 0.265893
0.160000 -0.000000 0.000000 0.159849 0.000149 -4.430519 0.265831
0.160000 -0.000000 0.000000 0.159799 0.000199 -4.429493 0.265770
0.160000 -0.000000 0.000000 0.159548 0.000448 -4.424360 0.265462
0.160000 -0.000000 0.000000 0.159298 0.000696 -4.419229 0.265154
0.160000 -0.000000 0.000000 0.159048 0.000944 -4.414101 0.264846
0.160000 -0.000000 0.000000 0.158798 0.001192 -4.408974 0.264538
0.160000 -0.000001 0.000001 0.157552 0.002427 -4.383370 0.263002
0.160000 -0.000001 0.000001 0.156314 0.003654 -4.357815 0.261469
0.160000 -0.000002 0.000002 0.155083 0.004874 -4.332309 0.259939
0.160000 -0.000003 0.000003 0.153859 0.006087 -4.306852 0.258411
0.160000 -0.000014 0.000013 0.147847 0.012048 -4.180301 0.250818
0.160000 -0.000030 0.000030 0.142010 0.017834 -4.054978 0.243299
0.160000 -0.000054 0.000053 0.136346 0.023450 -3.930882 0.235853
0.160000 -0.000083 0.000082 0.130850 0.028899 -3.808014 0.228481
0.160000 -0.000317 0.000314 0.105802 0.053740 -3.212105 0.192726
0.160000 -0.000680 0.000674 0.084535 0.074848 -2.646797 0.158808
0.160000 -0.001151 0.001142 0.066703 0.092571 -2.111822 0.126709
0.160000 -0.001713 0.001700 0.051982 0.107237 -1.606794 0.096408
0.160000 -0.002579 0.002560 0.036616 0.122616 -0.976369 0.058582
0.160000 -0.003543 0.003518 0.025632 0.133712 -0.397073 0.023824
0.160000 -0.004575 0.004546 0.018430 0.141126 0.133024 -0.007981
0.160000 -0.005648 0.005616 0.014469 0.145400 0.615966 -0.036958
0.160000 -0.007074 0.007044 0.013368 0.147056 1.179635 -0.070778
0.160000 -0.008493 0.008471 0.016028 0.145113 1.672096 -0.100326
0.160000 -0.009872 0.009865 0.021635 0.140373 2.098975 -0.125938
0.160000 -0.011185 0.011202 0.029485 0.133532 2.465599 -0.147936
0.160000 -0.012648 0.012709 0.041056 0.123347 2.834159 -0.170050
0.160000 -0.013967 0.014088 0.054196 0.111762 3.132500 -0.187950
0.160000 -0.015127 0.015327 0.068248 0.099413 3.369332 -0.202160
0.160000 -0.016119 0.016421 0.082669 0.086823 3.552328 -0.213140
0.160000 -0.016999 0.017434 0.098175 0.073418 3.697633 -0.221858
0.160000 -0.017686 0.018281 0.113281 0.060519 3.796927 -0.227816
0.160000 -0.018186 0.018971 0.127736 0.048352 3.857698 -0.231462
0.160000 -0.018509 0.019512 0.141344 0.037096 3.886370 -0.233182
0.160000 -0.018662 0.019910 0.153775 0.027024 3.888735 -0.233324
0.160000 -0.018667 0.020188 0.165239 0.017948 3.870358 -0.232221
0.160000 -0.018536 0.020361 0.175734 0.009858 3.835343 -0.230121
0.160000 -0.018280 0.020439 0.185264 0.002738 3.787199 -0.227232
0.160000 -0.017951 0.020437 0.193052 -0.002879 3.735022 -0.224101
0.160000 -0.017540 0.020376 0.200125 -0.007791 3.676447 -0.220587
0.160000 -0.017053 0.020265 0.206531 -0.012051 3.613035 -0.216782
0.160000 -0.016497 0.020108 0.212313 -0.015707 3.546128 -0.212768
0.160000 -0.015842 0.019901 0.217810 -0.018977 3.472681 -0.208361
0.160000 -0.015124 0.019659 0.222725 -0.021694 3.397608 -0.203856
0.160000 -0.014352 0.019387 0.227117 -0.023920 3.321755 -0.199305
0.160000 -0.013530 0.019092 0.231040 -0.025714 3.245829 -0.194750
0.160000 -0.012394 0.018679 0.235526 -0.027484 3.147845 -0.188871
0.160000 -0.011195 0.018244 0.239417 -0.028724 3.051444 -0.183087
0.160000 -0.009938 0.017792 0.242812 -0.029536 2.957133 -0.177428
0.160000 -0.008633 0.017331 0.245792 -0.030001 2.865326 -0.171920
0.160000 -0.006888 0.016730 0.249130 -0.030200 2.751151 -0.165069
0.160000 -0.005081 0.016129 0.252027 -0.030073 2.641423 -0.158485
0.160000 -0.003220 0.015532 0.254589 -0.029722 2.535879 -0.152153
0.160000 -0.001309 0.014944 0.256892 -0.029221 2.434437 -0.146066
0.160000 0.001384 0.014156 0.259745 -0.028400 2.301537 -0.138092
0.160000 0.004153 0.013391 0.262325 -0.027504 2.174759 -0.130486
0.160000 0.006991 0.012648 0.264693 -0.026585 2.053011 -0.123181
0.160000 0.009891 0.011931 0.266899 -0.025687 1.936038 -0.116162
0.160000 0.012466 0.011326 0.268717 -0.024947 1.837808 -0.110268
0.160000 0.015083 0.010739 0.270437 -0.024240 1.742437 -0.104546
0.160000 0.017740 0.010168 0.272060 -0.023564 1.649692 -0.098982
0.160000 0.020435 0.009613 0.273590 -0.022918 1.559418 -0.093565
0.160000 0.023633 0.008983 0.275266 -0.022202 1.456782 -0.087407
0.160000 0.026875 0.008373 0.276813 -0.021516 1.357204 -0.081432
0.160000 0.030158 0.007781 0.278227 -0.020853 1.260592 -0.075636
0.160000 0.033480 0.007207 0.279513 -0.020211 1.166853 -0.070011
0.160000 0.037815 0.006493 0.280986 -0.019411 1.050005 -0.063000
0.160000 0.042200 0.005807 0.282249 -0.018634 0.937747 -0.056265
0.160000 0.046627 0.005149 0.283308 -0.017876 0.830022 -0.049801
0.160000 0.051088 0.004518 0.284171 -0.017137 0.726694 -0.043602
0.160000 0.057742 0.003632 0.285103 -0.016072 0.581533 -0.034892
0.160000 0.064436 0.002801 0.285651 -0.015045 0.445545 -0.026733
0.160000 0.071148 0.002025 0.285845 -0.014061 0.318447 -0.019107
0.160000 0.077862 0.001300 0.285706 -0.013113 0.199842 -0.011991
0.160000 0.084560 0.000625 0.285253 -0.012196 0.089413 -0.005365
0.160000 0.091226 -0.000002 0.284516 -0.011316 -0.013138 0.000788
0.160000 0.097846 -0.000583 0.283517 -0.010469 -0.108178 0.006491
0.160000 0.104406 -0.001120 0.282277 -0.009658 -0.195953 0.011757
0.160000 0.111865 -0.001686 0.280583 -0.008770 -0.288390 0.017303
0.160000 0.119212 -0.002199 0.278630 -0.007928 -0.372087 0.022325
0.160000 0.126431 -0.002661 0.276443 -0.007129 -0.447422 0.026845
0.160000 0.133510 -0.003075 0.274053 -0.006375 -0.514963 0.030898
0.160000 0.139438 -0.003393 0.271868 -0.005764 -0.566849 0.034011
0.160000 0.145248 -0.003680 0.269567 -0.005182 -0.613603 0.036816
0.160000 0.150934 -0.003938 0.267165 -0.004632 -0.655521 0.039331
0.160000 0.156492 -0.004167 0.264673 -0.004109 -0.692799 0.041568
0.160000 0.161917 -0.004369 0.262103 -0.003613 -0.725651 0.043539
0.160000 0.167205 -0.004546 0.259468 -0.003144 -0.754351 0.045261
0.160000 0.172354 -0.004700 0.256778 -0.002698 -0.779117 0.046747
0.160000 0.177360 -0.004830 0.254046 -0.002279 -0.800186 0.048011
0.160000 0.182148 -0.004938 0.251325 -0.001892 -0.817540 0.049052
0.160000 0.186795 -0.005026 0.248580 -0.001529 -0.831719 0.049903
0.160000 0.191300 -0.005096 0.245822 -0.001188 -0.842911 0.050575
0.160000 0.195662 -0.005149 0.243055 -0.000869 -0.851308 0.051078
0.160000 0.199619 -0.005184 0.240461 -0.000588 -0.856795 0.051408
0.160000 0.203451 -0.005206 0.237871 -0.000324 -0.860121 0.051607
0.160000 0.207158 -0.005216 0.235292 -0.000076 -0.861430 0.051686
0.160000 0.210741 -0.005214 0.232727 0.000155 -0.860848 0.051651
0.160000 0.214140 -0.005202 0.230226 0.000366 -0.858556 0.051513
0.160000 0.217421 -0.005179 0.227748 0.000562 -0.854682 0.051281
0.160000 0.220584 -0.005148 0.225296 0.000745 -0.849333 0.050960
0.160000 0.223632 -0.005109 0.222873 0.000914 -0.842621 0.050557
0.160000 0.227792 -0.005039 0.219462 0.001133 -0.830851 0.049851
0.160000 0.231724 -0.004955 0.216126 0.001328 -0.816787 0.049007
0.160000 0.235431 -0.004859 0.212870 0.001498 -0.800704 0.048042
0.160000 0.238919 -0.004752 0.209700 0.001647 -0.782847 0.046971
0.160000 0.241868 -0.004648 0.206933 0.001763 -0.765511 0.045931
0.160000 0.244650 -0.004537 0.204242 0.001864 -0.747098 0.044826
0.160000 0.247271 -0.004420 0.201630 0.001951 -0.727754 0.043665
0.160000 0.249734 -0.004299 0.199098 0.002024 -0.707626 0.042458
0.160000 0.252046 -0.004174 0.196649 0.002084 -0.686851 0.041211
0.160000 0.254210 -0.004045 0.194284 0.002132 -0.665547 0.039933
0.160000 0.256233 -0.003914 0.192005 0.002168 -0.643827 0.038630
0.160000 0.258119 -0.003780 0.189810 0.002194 -0.621803 0.037308
0.160000 0.259802 -0.003651 0.187787 0.002210 -0.600506 0.036030
0.160000 0.261369 -0.003522 0.185842 0.002219 -0.579098 0.034746
0.160000 0.262825 -0.003392 0.183973 0.002222 -0.557659 0.033460
0.160000 0.264174 -0.003262 0.182181 0.002217 -0.536242 0.032175
0.160000 0.265332 -0.003143 0.180589 0.002206 -0.516469 0.030988
0.160000 0.266406 -0.003024 0.179063 0.002191 -0.496820 0.029809
0.160000 0.267399 -0.002905 0.177600 0.002170 -0.477326 0.028640
0.160000 0.268315 -0.002788 0.176201 0.002144 -0.458043 0.027483
0.160000 0.269179 -0.002670 0.174825 0.002115 -0.438457 0.026307
0.160000 0.269969 -0.002552 0.173513 0.002083 -0.419160 0.025150
0.160000 0.270688 -0.002437 0.172265 0.002047 -0.400195 0.024012
0.160000 0.271338 -0.002324 0.171078 0.002008 -0.381574 0.022894
0.160000 0.272067 -0.002185 0.169668 0.001955 -0.358642 0.021519
0.160000 0.272699 -0.002049 0.168350 0.001899 -0.336333 0.020180
0.160000 0.273243 -0.001918 0.167120 0.001842 -0.314650 0.018879
0.160000 0.273703 -0.001791 0.165978 0.001781 -0.293678 0.017621
0.160000 0.273950 -0.001713 0.165308 0.001741 -0.280960 0.016858
0.160000 0.274170 -0.001638 0.164668 0.001700 -0.268530 0.016112
0.160000 0.274361 -0.001564 0.164060 0.001659 -0.256396 0.015384
0.160000 0.274527 -0.001492 0.163482 0.001618 -0.244555 0.014673
0.160000 0.274668 -0.001422 0.162932 0.001577 -0.233005 0.013980
0.160000 0.274785 -0.001353 0.162411 0.001536 -0.221754 0.013305
0.160000 0.274880 -0.001287 0.161917 0.001495 -0.210803 0.012648
0.160000 0.274954 -0.001222 0.161449 0.001453 -0.200154 0.012009
0.160000 0.275020 -0.001140 0.160878 0.001399 -0.186687 0.011201
0.160000 0.275055 -0.001061 0.160349 0.001345 -0.173735 0.010424
0.160000 0.275061 -0.000985 0.159860 0.001291 -0.161292 0.009678
0.160000 0.275040 -0.000913 0.159411 0.001238 -0.149358 0.008961
0.160000 0.274968 -0.000815 0.158834 0.001163 -0.133230 0.007994
0.160000 0.274851 -0.000723 0.158328 0.001089 -0.118112 0.007087
0.160000 0.274696 -0.000637 0.157889 0.001017 -0.104000 0.006240
0.160000 0.274508 -0.000556 0.157509 0.000947 -0.090830 0.005450
0.160000 0.274403 -0.000518 0.157341 0.000914 -0.084594 0.005076
0.160000 0.274291 -0.000482 0.157186 0.000881 -0.078586 0.004715
0.160000 0.274174 -0.000446 0.157044 0.000848 -0.072798 0.004368
0.160000 0.274050 -0.000413 0.156915 0.000816 -0.067231 0.004034
0.160000 0.273922 -0.000380 0.156798 0.000784 -0.061882 0.003713
0.160000 0.273789 -0.000349 0.156692 0.000753 -0.056744 0.003405
0.160000 0.273652 -0.000319 0.156597 0.000722 -0.051812 0.003109
0.160000 0.273512 -0.000290 0.156513 0.000693 -0.047082 0.002825
0.160000 0.273293 -0.000248 0.156404 0.000649 -0.040303 0.002418
0.160000 0.273069 -0.000210 0.156316 0.000607 -0.033961 0.002038
0.160000 0.272840 -0.000174 0.156248 0.000566 -0.028040 0.001682
0.160000 0.272607 -0.000140 0.156199 0.000527 -0.022524 0.001351
0.160000 0.272316 -0.000102 0.156161 0.000480 -0.016252 0.000975
0.160000 0.272023 -0.000067 0.156146 0.000436 -0.010541 0.000632
0.160000 0.271730 -0.000035 0.156152 0.000395 -0.005356 0.000321
0.160000 0.271438 -0.000006 0.156178 0.000356 -0.000680 0.000041
0.160000 0.271238 0.000012 0.156205 0.000330 0.002252 -0.000135
0.160000 0.271041 0.000028 0.156240 0.000305 0.004966 -0.000298
0.160000 0.270845 0.000043 0.156281 0.000281 0.007470 -0.000448
0.160000 0.270652 0.000058 0.156329 0.000259 0.009775 -0.000587
0.160000 0.270461 0.000071 0.156381 0.000237 0.011894 -0.000714
0.160000 0.270273 0.000082 0.156439 0.000216 0.013831 -0.000830
0.160000 0.270088 0.000093 0.156501 0.000197 0.015595 -0.000936
0.160000 0.269907 0.000103 0.156568 0.000178 0.017194 -0.001032
0.160000 0.269708 0.000113 0.156646 0.000159 0.018800 -0.001128
0.160000 0.269514 0.000122 0.156729 0.000140 0.020219 -0.001213
0.160000 0.269324 0.000129 0.156815 0.000122 0.021465 -0.001288
0.160000 0.269140 0.000136 0.156904 0.000105 0.022543 -0.001353
0.160000 0.268946 0.000142 0.157003 0.000088 0.023542 -0.001413
0.160000 0.268757 0.000147 0.157104 0.000072 0.024368 -0.001462
0.160000 0.268576 0.000151 0.157207 0.000057 0.025027 -0.001502
0.160000 0.268401 0.000155 0.157311 0.000044 0.025541 -0.001532
0.160000 0.268230 0.000157 0.157417 0.000031 0.025920 -0.001555
0.160000 0.268066 0.000159 0.157524 0.000020 0.026174 -0.001570
0.160000 0.267908 0.000160 0.157630 0.000009 0.026327 -0.001580
0.160000 0.267758 0.000160 0.157736 -0.000001 0.026363 -0.001582
0.160000 0.267608 0.000159 0.157844 -0.000010 0.026303 -0.001578
0.160000 0.267466 0.000158 0.157952 -0.000019 0.026131 -0.001568
0.160000 0.267331 0.000157 0.158060 -0.000028 0.025816 -0.001549
0.160000 0.267204 0.000155 0.158165 -0.000035 0.025435 -0.001526
0.160000 0.267131 0.000153 0.158225 -0.000038 0.025205 -0.001512
0.160000 0.267061 0.000152 0.158284 -0.000041 0.024951 -0.001497
0.160000 0.266994 0.000150 0.158342 -0.000044 0.024678 -0.001481
0.160000 0.266928 0.000148 0.158400 -0.000046 0.024382 -0.001463
0.160000 0.266866 0.000146 0.158458 -0.000049 0.024062 -0.001444
0.160000 0.266805 0.000144 0.158514 -0.000052 0.023723 -0.001423
0.160000 0.266747 0.000142 0.158569 -0.000054 0.023370 -0.001402
0.160000 0.266690 0.000140 0.158624 -0.000056 0.023002 -0.001380
0.160000 0.266617 0.000137 0.158696 -0.000059 0.022480 -0.001349
0.160000 0.266548 0.000133 0.158766 -0.000061 0.021939 -0.001316
0.160000 0.266483 0.000130 0.158834 -0.000063 0.021378 -0.001283
0.160000 0.266421 0.000127 0.158900 -0.000064 0.020804 -0.001248
0.160000 0.266346 0.000122 0.158983 -0.000066 0.020042 -0.001203
0.160000 0.266277 0.000117 0.159062 -0.000067 0.019266 -0.001156
0.160000 0.266214 0.000113 0.159137 -0.000068 0.018483 -0.001109
0.160000 0.266156 0.000108 0.159209 -0.000068 0.017694 -0.001062
0.160000 0.266102 0.000103 0.159277 -0.000067 0.016902 -0.001014
0.160000 0.266054 0.000098 0.159343 -0.000067 0.016113 -0.000967
0.160000 0.266009 0.000093 0.159406 -0.000068 0.015325 -0.000920
0.160000 0.265970 0.000089 0.159466 -0.000068 0.014542 -0.000873
0.160000 0.265946 0.000086 0.159500 -0.000067 0.014055 -0.000843
0.160000 0.265925 0.000083 0.159534 -0.000066 0.013575 -0.000814
0.160000 0.265905 0.000080 0.159566 -0.000064 0.013099 -0.000786
0.160000 0.265886 0.000077 0.159597 -0.000063 0.012631 -0.000758
0.160000 0.265869 0.000074 0.159628 -0.000062 0.012170 -0.000730
0.160000 0.265853 0.000072 0.159657 -0.000061 0.011715 -0.000703
0.160000 0.265839 0.000069 0.159685 -0.000061 0.011267 -0.000676
0.160000 0.265825 0.000066 0.159711 -0.000060 0.010827 -0.000650
0.160000 0.265807 0.000062 0.159749 -0.000058 0.010182 -0.000611
0.160000 0.265792 0.000058 0.159785 -0.000056 0.009555 -0.000573
0.160000 0.265778 0.000055 0.159818 -0.000055 0.008944 -0.000537
0.160000 0.265767 0.000051 0.159849 -0.000053 0.008354 -0.000501
0.160000 0.265759 0.000048 0.159875 -0.000051 0.007838 -0.000470
0.160000 0.265752 0.000045 0.159899 -0.000049 0.007339 -0.000440
0.160000 0.265747 0.000042 0.159921 -0.000047 0.006861 -0.000412
0.160000 0.265742 0.000039 0.159942 -0.000045 0.006400 -0.000384
0.160000 0.265740 0.000037 0.159961 -0.000043 0.005954 -0.000357
0.160000 0.265738 0.000034 0.159979 -0.000042 0.005526 -0.000332
0.160000 0.265737 0.000031 0.159996 -0.000041 0.005115 -0.000307
0.160000 0.265737 0.000029 0.160012 -0.000039 0.004719 -0.000283
0.160000 0.265738 0.000027 0.160025 -0.000038 0.004366 -0.000262
0.160000 0.265740 0.000025 0.160037 -0.000036 0.004028 -0.000242
0.160000 0.265743 0.000023 0.160047 -0.000034 0.003701 -0.000222
0.160000 0.265746 0.000021 0.160057 -0.000032 0.003391 -0.000203
