0.100000 0.000000 0.000000 0.100000 0.000000 -2.771000 0.166260
0.100000 -0.000000 0.000000 0.099950 0.000050 -2.769973 0.166198
0.100000 -0.000000 0.000000 0.099900 0.000100 -2.768946 0.166137
0.100000 -0.000000 0.000000 0.099849 0.000149 -2.767919 0.166075
0.100000 -0.000000 0.000000 0.099799 0.000199 -2.766893 0.166014
0.100000 -0.000000 0.000000 0.099549 0.000447 -2.761762 0.165706
0.100000 -0.000000 0.000000 0.099298 0.000695 -2.756634 0.165398
0.100000 -0.000000 0.000000 0.099049 0.000943 -2.751509 0.165091
0.100000 -0.000000 0.000000 0.098800 0.001190 -2.746388 0.164783
0.100000 -0.000001 0.000001 0.097561 0.002418 -2.720826 0.163250
0.100000 -0.000002 0.000002 0.096333 0.003635 -2.695344 0.161721
0.100000 -0.000003 0.000003 0.095117 0.004841 -2.669939 0.160196
0.100000 -0.000005 0.000005 0.093912 0.006035 -2.644613 0.158677
0.100000 -0.000022 0.000021 0.088057 0.011840 -2.519161 0.151150
0.100000 -0.000048 0.000047 0.082476 0.017373 -2.395673 0.143740
0.100000 -0.000084 0.000083 0.077162 0.022642 -2.274150 0.136449
0.100000 -0.000129 0.000128 0.072107 0.027655 -2.154592 0.129276
0.100000 -0.000405 0.000402 0.053740 0.045881 -1.679716 0.100783
0.100000 -0.000803 0.000797 0.039182 0.060353 -1.238238 0.074294
0.100000 -0.001296 0.001286 0.027964 0.071544 -0.829509 0.049771
0.100000 -0.001861 0.001848 0.019659 0.079883 -0.452722 0.027163
0.100000 -0.002559 0.002542 0.013303 0.086351 -0.064842 0.003891
0.100000 -0.003299 0.003280 0.009664 0.090180 0.285521 -0.017131
0.100000 -0.004059 0.004040 0.008303 0.091809 0.600333 -0.036020
0.100000 -0.004823 0.004806 0.008827 0.091627 0.881571 -0.052894
0.100000 -0.005770 0.005761 0.011650 0.089339 1.192304 -0.071538
0.100000 -0.006678 0.006682 0.016347 0.085283 1.457109 -0.087427
0.100000 -0.007529 0.007555 0.022426 0.079945 1.680368 -0.100822
0.100000 -0.008311 0.008366 0.029463 0.073738 1.866117 -0.111967
0.100000 -0.009135 0.009236 0.038565 0.065722 2.042964 -0.122578
0.100000 -0.009843 0.010005 0.048099 0.057373 2.179012 -0.130741
0.100000 -0.010432 0.010670 0.057731 0.049007 2.280106 -0.136806
0.100000 -0.010901 0.011232 0.067191 0.040883 2.351309 -0.141079
0.100000 -0.011257 0.011699 0.076388 0.033095 2.397603 -0.143856
0.100000 -0.011500 0.012070 0.085094 0.025842 2.422390 -0.145343
0.100000 -0.011637 0.012355 0.093236 0.019186 2.429491 -0.145769
0.100000 -0.011675 0.012559 0.100756 0.013174 2.422174 -0.145330
0.100000 -0.011625 0.012686 0.107294 0.008080 2.404470 -0.144268
0.100000 -0.011501 0.012755 0.113265 0.003560 2.378440 -0.142706
0.100000 -0.011309 0.012774 0.118690 -0.000415 2.345866 -0.140752
0.100000 -0.011055 0.012748 0.123590 -0.003869 2.308272 -0.138496
0.100000 -0.010761 0.012687 0.127797 -0.006708 2.268948 -0.136137
0.100000 -0.010421 0.012596 0.131590 -0.009144 2.227133 -0.133628
0.100000 -0.010040 0.012479 0.135003 -0.011213 2.183582 -0.131015
0.100000 -0.009621 0.012341 0.138067 -0.012952 2.138935 -0.128336
0.100000 -0.009089 0.012155 0.141258 -0.014611 2.085921 -0.125155
0.100000 -0.008517 0.011950 0.144067 -0.015917 2.032730 -0.121964
0.100000 -0.007909 0.011730 0.146546 -0.016921 1.979832 -0.118790
0.100000 -0.007270 0.011498 0.148737 -0.017667 1.927608 -0.115656
0.100000 -0.006413 0.011189 0.151180 -0.018307 1.862214 -0.111733
0.100000 -0.005516 0.010872 0.153293 -0.018669 1.798634 -0.107918
0.100000 -0.004586 0.010550 0.155139 -0.018817 1.736984 -0.104219
0.100000 -0.003626 0.010227 0.156770 -0.018802 1.677380 -0.100643
0.100000 -0.002195 0.009764 0.158827 -0.018577 1.595130 -0.095708
0.100000 -0.000717 0.009309 0.160626 -0.018200 1.516710 -0.091003
0.100000 0.000804 0.008864 0.162237 -0.017738 1.441565 -0.086494
0.100000 0.002363 0.008431 0.163707 -0.017236 1.369583 -0.082175
0.100000 0.003968 0.008008 0.165082 -0.016724 1.300165 -0.078010
0.100000 0.005605 0.007598 0.166370 -0.016221 1.233217 -0.073993
0.100000 0.007274 0.007200 0.167578 -0.015731 1.168430 -0.070106
0.100000 0.008972 0.006813 0.168718 -0.015263 1.105649 -0.066339
0.100000 0.010717 0.006435 0.169809 -0.014817 1.044068 -0.062644
0.100000 0.012489 0.006067 0.170834 -0.014392 0.984224 -0.059053
0.100000 0.014286 0.005709 0.171791 -0.013983 0.926023 -0.055561
0.100000 0.016106 0.005362 0.172683 -0.013591 0.869393 -0.052164
0.100000 0.018369 0.004949 0.173690 -0.013130 0.801953 -0.048117
0.100000 0.020661 0.004550 0.174597 -0.012685 0.736731 -0.044204
0.100000 0.022981 0.004164 0.175405 -0.012252 0.673686 -0.040421
0.100000 0.025323 0.003792 0.176115 -0.011831 0.612760 -0.036766
0.100000 0.028632 0.003293 0.176952 -0.011260 0.531034 -0.031862
0.100000 0.031973 0.002818 0.177611 -0.010705 0.453291 -0.027197
0.100000 0.035338 0.002368 0.178102 -0.010166 0.379461 -0.022768
0.100000 0.038721 0.001940 0.178433 -0.009642 0.309399 -0.018564
0.100000 0.043187 0.001411 0.178636 -0.008974 0.222791 -0.013367
0.100000 0.047657 0.000919 0.178599 -0.008333 0.142293 -0.008538
0.100000 0.052119 0.000463 0.178343 -0.007720 0.067636 -0.004058
0.100000 0.056560 0.000041 0.177880 -0.007132 -0.001394 0.000084
0.100000 0.061603 -0.000402 0.177123 -0.006492 -0.073791 0.004427
0.100000 0.066591 -0.000804 0.176144 -0.005882 -0.139489 0.008369
0.100000 0.071508 -0.001168 0.174958 -0.005296 -0.198827 0.011930
0.100000 0.076342 -0.001495 0.173600 -0.004744 -0.252136 0.015128
0.100000 0.079565 -0.001696 0.172596 -0.004393 -0.285011 0.017101
0.100000 0.082741 -0.001882 0.171527 -0.004056 -0.315394 0.018924
0.100000 0.085869 -0.002054 0.170400 -0.003733 -0.343374 0.020602
0.100000 0.088946 -0.002211 0.169218 -0.003422 -0.369055 0.022143
0.100000 0.091970 -0.002356 0.167986 -0.003123 -0.392530 0.023552
0.100000 0.094939 -0.002487 0.166712 -0.002837 -0.413889 0.024833
0.100000 0.097851 -0.002606 0.165398 -0.002563 -0.433227 0.025994
0.100000 0.100704 -0.002713 0.164051 -0.002302 -0.450630 0.027038
0.100000 0.104724 -0.002848 0.162053 -0.001945 -0.472558 0.028354
0.100000 0.108615 -0.002962 0.160006 -0.001612 -0.490881 0.029453
0.100000 0.112375 -0.003054 0.157920 -0.001301 -0.505838 0.030350
0.100000 0.116001 -0.003128 0.155809 -0.001014 -0.517678 0.031061
0.100000 0.118683 -0.003172 0.154183 -0.000809 -0.524778 0.031487
0.100000 0.121285 -0.003207 0.152552 -0.000615 -0.530288 0.031817
0.100000 0.123808 -0.003233 0.150918 -0.000434 -0.534304 0.032058
0.100000 0.126251 -0.003250 0.149287 -0.000264 -0.536915 0.032215
0.100000 0.128615 -0.003258 0.147660 -0.000105 -0.538210 0.032293
0.100000 0.130899 -0.003260 0.146042 0.000044 -0.538275 0.032296
0.100000 0.133105 -0.003254 0.144435 0.000183 -0.537193 0.032232
0.100000 0.135233 -0.003242 0.142841 0.000313 -0.535045 0.032103
0.100000 0.137793 -0.003218 0.140866 0.000461 -0.530959 0.031858
0.100000 0.140233 -0.003186 0.138921 0.000596 -0.525457 0.031527
0.100000 0.142555 -0.003146 0.137010 0.000717 -0.518674 0.031120
0.100000 0.144761 -0.003099 0.135136 0.000826 -0.510744 0.030645
0.100000 0.147315 -0.003032 0.132891 0.000944 -0.499606 0.029976
0.100000 0.149703 -0.002957 0.130711 0.001045 -0.487138 0.029228
0.100000 0.151930 -0.002875 0.128602 0.001130 -0.473549 0.028413
0.100000 0.154002 -0.002788 0.126565 0.001202 -0.458996 0.027540
0.100000 0.156072 -0.002688 0.124452 0.001262 -0.442452 0.026547
0.100000 0.157974 -0.002583 0.122427 0.001311 -0.425132 0.025508
0.100000 0.159716 -0.002475 0.120489 0.001351 -0.407108 0.024426
0.100000 0.161304 -0.002364 0.118651 0.001375 -0.388753 0.023325
0.100000 0.161943 -0.002316 0.117890 0.001379 -0.380833 0.022850
0.100000 0.162556 -0.002268 0.117146 0.001383 -0.372875 0.022373
0.100000 0.163143 -0.002219 0.116419 0.001386 -0.364894 0.021894
0.100000 0.163705 -0.002171 0.115708 0.001387 -0.356894 0.021414
0.100000 0.164242 -0.002122 0.115015 0.001387 -0.348880 0.020933
0.100000 0.164755 -0.002074 0.114338 0.001386 -0.340869 0.020452
0.100000 0.165245 -0.002025 0.113679 0.001383 -0.332871 0.019972
0.100000 0.165713 -0.001977 0.113036 0.001379 -0.324895 0.019494
0.100000 0.166339 -0.001908 0.112153 0.001371 -0.313613 0.018817
0.100000 0.166921 -0.001841 0.111303 0.001360 -0.302413 0.018145
0.100000 0.167463 -0.001773 0.110487 0.001347 -0.291314 0.017479
0.100000 0.167964 -0.001707 0.109704 0.001332 -0.280333 0.016820
0.100000 0.168575 -0.001619 0.108707 0.001309 -0.265880 0.015953
0.100000 0.169122 -0.001533 0.107767 0.001283 -0.251700 0.015102
0.100000 0.169608 -0.001449 0.106883 0.001254 -0.237823 0.014269
0.100000 0.170037 -0.001366 0.106051 0.001222 -0.224279 0.013457
0.100000 0.170438 -0.001280 0.105216 0.001186 -0.210123 0.012607
0.100000 0.170782 -0.001197 0.104439 0.001149 -0.196405 0.011784
0.100000 0.171073 -0.001117 0.103715 0.001111 -0.183158 0.010990
0.100000 0.171313 -0.001039 0.103045 0.001072 -0.170367 0.010222
0.100000 0.171479 -0.000976 0.102526 0.001038 -0.160062 0.009604
0.100000 0.171615 -0.000916 0.102041 0.001003 -0.150090 0.009005
0.100000 0.171723 -0.000857 0.101590 0.000968 -0.140430 0.008426
0.100000 0.171804 -0.000800 0.101171 0.000932 -0.131126 0.007868
0.100000 0.171854 -0.000755 0.100846 0.000902 -0.123680 0.007421
0.100000 0.171888 -0.000711 0.100541 0.000873 -0.116471 0.006988
0.100000 0.171908 -0.000669 0.100256 0.000844 -0.109510 0.006571
0.100000 0.171914 -0.000628 0.099989 0.000815 -0.102781 0.006167
0.100000 0.171906 -0.000586 0.099726 0.000785 -0.095902 0.005754
0.100000 0.171886 -0.000546 0.099484 0.000755 -0.089284 0.005357
0.100000 0.171853 -0.000507 0.099259 0.000725 -0.082921 0.004975
0.100000 0.171809 -0.000470 0.099052 0.000696 -0.076814 0.004609
0.100000 0.171754 -0.000434 0.098864 0.000667 -0.070964 0.004258
0.100000 0.171690 -0.000400 0.098691 0.000638 -0.065363 0.003922
0.100000 0.171617 -0.000367 0.098534 0.000610 -0.060006 0.003600
0.100000 0.171537 -0.000336 0.098392 0.000582 -0.054890 0.003293
0.100000 0.171444 -0.000305 0.098257 0.000553 -0.049723 0.002983
0.100000 0.171344 -0.000275 0.098137 0.000526 -0.044814 0.002689
0.100000 0.171238 -0.000246 0.098031 0.000499 -0.040157 0.002409
0.100000 0.171126 -0.000220 0.097938 0.000472 -0.035744 0.002145
0.100000 0.170999 -0.000192 0.097852 0.000445 -0.031237 0.001874
0.100000 0.170868 -0.000166 0.097780 0.000418 -0.026999 0.001620
0.100000 0.170733 -0.000142 0.097721 0.000391 -0.023018 0.001381
0.100000 0.170595 -0.000119 0.097675 0.000366 -0.019293 0.001158
0.100000 0.170443 -0.000096 0.097637 0.000340 -0.015553 0.000933
0.100000 0.170290 -0.000075 0.097611 0.000315 -0.012089 0.000725
0.100000 0.170135 -0.000056 0.097596 0.000291 -0.008898 0.000534
0.100000 0.169979 -0.000038 0.097591 0.000268 -0.005951 0.000357
0.100000 0.169810 -0.000020 0.097597 0.000243 -0.003028 0.000182
0.100000 0.169642 -0.000003 0.097613 0.000221 -0.000359 0.000022
0.100000 0.169475 0.000011 0.097635 0.000201 0.002100 -0.000126
0.100000 0.169310 0.000025 0.097667 0.000181 0.004307 -0.000258
0.100000 0.169215 0.000032 0.097690 0.000169 0.005463 -0.000328
0.100000 0.169120 0.000039 0.097715 0.000158 0.006545 -0.000393
0.100000 0.169027 0.000045 0.097742 0.000147 0.007554 -0.000453
0.100000 0.168936 0.000051 0.097770 0.000136 0.008496 -0.000510
0.100000 0.168845 0.000056 0.097800 0.000127 0.009377 -0.000563
0.100000 0.168755 0.000061 0.097831 0.000118 0.010194 -0.000612
0.100000 0.168667 0.000066 0.097864 0.000109 0.010950 -0.000657
0.100000 0.168581 0.000070 0.097899 0.000100 0.011647 -0.000699
0.100000 0.168465 0.000075 0.097947 0.000089 0.012504 -0.000750
0.100000 0.168352 0.000080 0.097998 0.000078 0.013261 -0.000796
0.100000 0.168242 0.000084 0.098050 0.000068 0.013925 -0.000835
0.100000 0.168135 0.000088 0.098104 0.000059 0.014499 -0.000870
0.100000 0.167998 0.000091 0.098176 0.000047 0.015129 -0.000908
0.100000 0.167867 0.000094 0.098250 0.000037 0.015624 -0.000937
0.100000 0.167741 0.000097 0.098325 0.000027 0.015990 -0.000959
0.100000 0.167621 0.000098 0.098400 0.000017 0.016245 -0.000975
0.100000 0.167535 0.000099 0.098457 0.000011 0.016371 -0.000982
0.100000 0.167451 0.000100 0.098513 0.000006 0.016443 -0.000987
0.100000 0.167371 0.000100 0.098569 0.000001 0.016468 -0.000988
0.100000 0.167294 0.000100 0.098625 -0.000004 0.016448 -0.000987
0.100000 0.167219 0.000099 0.098680 -0.000009 0.016382 -0.000983
0.100000 0.167148 0.000099 0.098734 -0.000013 0.016276 -0.000977
0.100000 0.167080 0.000098 0.098789 -0.000017 0.016135 -0.000968
0.100000 0.167015 0.000097 0.098842 -0.000021 0.015960 -0.000958
0.100000 0.166949 0.000096 0.098897 -0.000024 0.015744 -0.000945
0.100000 0.166886 0.000094 0.098951 -0.000027 0.015498 -0.000930
0.100000 0.166827 0.000093 0.099004 -0.000029 0.015222 -0.000913
0.100000 0.166770 0.000091 0.099055 -0.000032 0.014923 -0.000895
0.100000 0.166715 0.000089 0.099108 -0.000034 0.014588 -0.000875
0.100000 0.166662 0.000087 0.099159 -0.000036 0.014235 -0.000854
0.100000 0.166612 0.000084 0.099208 -0.000037 0.013871 -0.000832
0.100000 0.166566 0.000082 0.099257 -0.000039 0.013490 -0.000809
0.100000 0.166520 0.000080 0.099305 -0.000040 0.013080 -0.000785
0.100000 0.166477 0.000077 0.099352 -0.000041 0.012655 -0.000759
0.100000 0.166438 0.000074 0.099397 -0.000042 0.012207 -0.000732
0.100000 0.166401 0.000072 0.099440 -0.000042 0.011758 -0.000705
0.100000 0.166371 0.000069 0.099477 -0.000042 0.011370 -0.000682
0.100000 0.166343 0.000067 0.099512 -0.000043 0.010981 -0.000659
0.100000 0.166317 0.000065 0.099545 -0.000042 0.010603 -0.000636
0.100000 0.166292 0.000062 0.099577 -0.000042 0.010222 -0.000613
0.100000 0.166270 0.000060 0.099609 -0.000042 0.009835 -0.000590
0.100000 0.166249 0.000058 0.099638 -0.000041 0.009449 -0.000567
0.100000 0.166230 0.000055 0.099668 -0.000042 0.009062 -0.000544
0.100000 0.166212 0.000053 0.099695 -0.000042 0.008679 -0.000521
0.100000 0.166196 0.000051 0.099720 -0.000041 0.008327 -0.000500
0.100000 0.166182 0.000049 0.099743 -0.000040 0.007980 -0.000479
0.100000 0.166169 0.000047 0.099765 -0.000039 0.007639 -0.000458
0.100000 0.166158 0.000045 0.099786 -0.000038 0.007305 -0.000438
0.100000 0.166147 0.000043 0.099806 -0.000037 0.006982 -0.000419
0.100000 0.166138 0.000041 0.099825 -0.000037 0.006665 -0.000400
0.100000 0.166129 0.000039 0.099844 -0.000036 0.006355 -0.000381
0.100000 0.166122 0.000037 0.099861 -0.000036 0.006052 -0.000363
0.100000 0.166114 0.000035 0.099879 -0.000035 0.005724 -0.000343
0.100000 0.166108 0.000033 0.099896 -0.000034 0.005405 -0.000324
0.100000 0.166102 0.000031 0.099912 -0.000033 0.005092 -0.000306
0.100000 0.166098 0.000029 0.099927 -0.000031 0.004790 -0.000287
0.100000 0.166093 0.000027 0.099944 -0.000030 0.004435 -0.000266
0.100000 0.166090 0.000025 0.099959 -0.000029 0.004097 -0.000246
0.100000 0.166088 0.000023 0.099973 -0.000027 0.003787 -0.000227
0.100000 0.166086 0.000021 0.099986 -0.000026 0.003486 -0.000209
0.100000 0.166086 0.000020 0.099995 -0.000025 0.003258 -0.000196
0.100000 0.166086 0.000019 0.100004 -0.000024 0.003038 -0.000182
0.100000 0.166086 0.000017 0.100012 -0.000024 0.002820 -0.000169
0.100000 0.166087 0.000016 0.100020 -0.000023 0.002612 -0.000157
0.100000 0.166088 0.000015 0.100024 -0.000022 0.002484 -0.000149
0.100000 0.166089 0.000015 0.100028 -0.000022 0.002360 -0.000142
0.100000 0.166090 0.000014 0.100032 -0.000021 0.002239 -0.000134
0.100000 0.166091 0.000013 0.100036 -0.000020 0.002121 -0.000127
