0.960000 0.000000 0.000000 0.960000 0.000000 -26.601600 1.596096
0.960000 -0.000000 0.000000 0.959950 0.000050 -26.600573 1.596034
0.960000 -0.000000 0.000000 0.959900 0.000100 -26.599546 1.595973
0.960000 -0.000000 0.000000 0.959849 0.000149 -26.598519 1.595911
0.960000 -0.000000 0.000000 0.959799 0.000199 -26.597492 1.595850
0.960000 -0.000000 0.000000 0.959548 0.000448 -26.592357 1.595541
0.960000 -0.000000 0.000000 0.959297 0.000697 -26.587223 1.595233
0.960000 -0.000000 0.000000 0.959046 0.000946 -26.582089 1.594925
0.960000 -0.000000 0.000000 0.958795 0.001195 -26.576955 1.594617
0.960000 -0.000000 0.000000 0.957541 0.002438 -26.551292 1.593077
0.960000 -0.000000 0.000000 0.956288 0.003680 -26.525636 1.591538
0.960000 -0.000000 0.000000 0.955036 0.004921 -26.499989 1.589999
0.960000 -0.000001 0.000001 0.953785 0.006161 -26.474349 1.588461
0.960000 -0.000002 0.000002 0.947551 0.012342 -26.346276 1.580777
0.960000 -0.000005 0.000005 0.941346 0.018492 -26.218406 1.573104
0.960000 -0.000009 0.000009 0.935172 0.024613 -26.090741 1.565444
0.960000 -0.000014 0.000014 0.929027 0.030705 -25.963280 1.557797
0.960000 -0.000057 0.000057 0.898751 0.060720 -25.329037 1.519742
0.960000 -0.000128 0.000127 0.869210 0.090006 -24.699904 1.481994
0.960000 -0.000226 0.000224 0.840392 0.118576 -24.075885 1.444553
0.960000 -0.000350 0.000347 0.812288 0.146439 -23.456984 1.407419
0.960000 -0.001344 0.001332 0.682094 0.275541 -20.439360 1.226362
0.960000 -0.002904 0.002880 0.568179 0.388559 -17.550028 1.053002
0.960000 -0.004958 0.004916 0.469340 0.486707 -14.789095 0.887346
0.960000 -0.007438 0.007377 0.384452 0.571119 -12.156558 0.729393
0.960000 -0.011877 0.011783 0.279896 0.675383 -8.404811 0.504289
0.960000 -0.016959 0.016832 0.201627 0.753892 -4.944612 0.296677
0.960000 -0.022510 0.022355 0.146418 0.809880 -1.768969 0.106138
0.960000 -0.028379 0.028202 0.111214 0.846406 1.132393 -0.067944
0.960000 -0.036575 0.036386 0.090338 0.869920 4.639884 -0.278393
0.960000 -0.044848 0.044678 0.094338 0.869508 7.713652 -0.462819
0.960000 -0.052994 0.052882 0.117608 0.850733 10.398425 -0.623906
0.960000 -0.060847 0.060840 0.155278 0.818417 12.736546 -0.764193
0.960000 -0.069425 0.069607 0.211676 0.769236 15.067313 -0.904039
0.960000 -0.077329 0.077786 0.277223 0.711890 17.044554 -1.022673
0.960000 -0.084483 0.085312 0.348279 0.649919 18.716510 -1.122991
0.960000 -0.090836 0.092140 0.422140 0.585935 20.119269 -1.207156
0.960000 -0.097179 0.099178 0.509042 0.511396 21.450010 -1.287001
0.960000 -0.102411 0.105270 0.595184 0.438419 22.497762 -1.349866
0.960000 -0.106555 0.110447 0.679233 0.368202 23.295579 -1.397735
0.960000 -0.109639 0.114746 0.760266 0.301546 23.869602 -1.432176
0.960000 -0.111991 0.118800 0.852614 0.226993 24.293968 -1.457638
0.960000 -0.112965 0.121755 0.939275 0.158560 24.467279 -1.468037
0.960000 -0.112659 0.123712 1.019942 0.096389 24.424253 -1.465455
0.960000 -0.111160 0.124762 1.094354 0.040597 24.196319 -1.451779
0.960000 -0.108678 0.125001 1.159883 -0.007025 23.830307 -1.429818
0.960000 -0.105269 0.124578 1.219576 -0.048915 23.347390 -1.400843
0.960000 -0.101023 0.123580 1.273541 -0.085268 22.772178 -1.366331
0.960000 -0.096021 0.122085 1.321869 -0.116247 22.127230 -1.327634
0.960000 -0.090705 0.120294 1.362250 -0.140624 21.476601 -1.288596
0.960000 -0.084860 0.118194 1.398050 -0.160743 20.798528 -1.247912
0.960000 -0.078549 0.115844 1.429546 -0.176911 20.106692 -1.206402
0.960000 -0.071830 0.113296 1.457006 -0.189421 19.412801 -1.164768
0.960000 -0.063626 0.110165 1.484092 -0.199724 18.621513 -1.117291
0.960000 -0.055023 0.106902 1.506790 -0.206177 17.852041 -1.071122
0.960000 -0.046089 0.103563 1.525699 -0.209381 17.112553 -1.026753
0.960000 -0.036879 0.100195 1.541352 -0.209870 16.408609 -0.984517
0.960000 -0.026287 0.096435 1.555668 -0.207827 15.665831 -0.939950
0.960000 -0.015461 0.092730 1.567330 -0.203780 14.971567 -0.898294
0.960000 -0.004445 0.089110 1.577001 -0.198369 14.323602 -0.859416
0.960000 0.006732 0.085596 1.585213 -0.192106 13.719142 -0.823149
0.960000 0.023217 0.080707 1.595511 -0.182394 12.911151 -0.774669
0.960000 0.039959 0.076071 1.604686 -0.172711 12.169724 -0.730183
0.960000 0.056949 0.071664 1.613318 -0.163562 11.478066 -0.688684
0.960000 0.074165 0.067484 1.621833 -0.155322 10.827847 -0.649671
0.960000 0.088760 0.064146 1.629047 -0.149252 10.309738 -0.618584
0.960000 0.103513 0.060934 1.636271 -0.143848 9.809343 -0.588561
0.960000 0.118428 0.057832 1.643428 -0.139012 9.323432 -0.559406
0.960000 0.133498 0.054829 1.650491 -0.134696 8.849832 -0.530990
0.960000 0.149636 0.051746 1.657827 -0.130622 8.359626 -0.501578
0.960000 0.165940 0.048753 1.664881 -0.126918 7.880492 -0.472830
0.960000 0.182406 0.045843 1.671571 -0.123480 7.411988 -0.444719
0.960000 0.199022 0.043010 1.677855 -0.120251 6.953643 -0.417219
0.960000 0.221593 0.039313 1.685604 -0.116148 6.352546 -0.381153
0.960000 0.244392 0.035742 1.692474 -0.112214 5.770026 -0.346202
0.960000 0.267390 0.032295 1.698442 -0.108392 5.206711 -0.312403
0.960000 0.290561 0.028965 1.703508 -0.104649 4.662088 -0.279725
0.960000 0.319045 0.025055 1.708471 -0.100132 4.021965 -0.241318
0.960000 0.347694 0.021315 1.712172 -0.095701 3.409840 -0.204590
0.960000 0.376458 0.017746 1.714705 -0.091391 2.825482 -0.169529
0.960000 0.405296 0.014341 1.716095 -0.087167 2.268053 -0.136083
0.960000 0.434450 0.011062 1.716371 -0.082963 1.731766 -0.103906
0.960000 0.463594 0.007943 1.715617 -0.078866 1.221775 -0.073306
0.960000 0.492691 0.004980 1.713898 -0.074886 0.737308 -0.044239
0.960000 0.521703 0.002169 1.711262 -0.071016 0.277664 -0.016660
0.960000 0.564076 -0.001696 1.705821 -0.065511 -0.353919 0.021235
0.960000 0.606093 -0.005255 1.698689 -0.060253 -0.935568 0.056134
0.960000 0.647659 -0.008521 1.690040 -0.055262 -1.469175 0.088151
0.960000 0.688694 -0.011510 1.679990 -0.050502 -1.957585 0.117455
0.960000 0.728786 -0.014217 1.668738 -0.045968 -2.399443 0.143967
0.960000 0.768215 -0.016675 1.656372 -0.041656 -2.800634 0.168038
0.960000 0.806921 -0.018896 1.643032 -0.037579 -3.163357 0.189801
0.960000 0.844853 -0.020895 1.628801 -0.033704 -3.489363 0.209362
0.960000 0.886016 -0.022866 1.612081 -0.029628 -3.810682 0.228641
0.960000 0.926112 -0.024591 1.594542 -0.025794 -4.091471 0.245488
0.960000 0.965093 -0.026085 1.576294 -0.022176 -4.333974 0.260038
0.960000 1.002919 -0.027362 1.557493 -0.018801 -4.540943 0.272457
0.960000 1.029069 -0.028144 1.543872 -0.016553 -4.667816 0.280069
0.960000 1.054611 -0.028829 1.530057 -0.014410 -4.778711 0.286723
0.960000 1.079538 -0.029422 1.516092 -0.012377 -4.874417 0.292465
0.960000 1.103844 -0.029926 1.502003 -0.010443 -4.955674 0.297340
0.960000 1.127525 -0.030347 1.487819 -0.008604 -5.023187 0.301391
0.960000 1.150576 -0.030689 1.473579 -0.006863 -5.077706 0.304662
0.960000 1.172996 -0.030956 1.459308 -0.005215 -5.119953 0.307197
0.960000 1.194784 -0.031152 1.445037 -0.003660 -5.150589 0.309035
0.960000 1.220917 -0.031303 1.427382 -0.001858 -5.173430 0.310406
0.960000 1.246084 -0.031359 1.409808 -0.000186 -5.180666 0.310840
0.960000 1.270290 -0.031326 1.392354 0.001360 -5.173451 0.310407
0.960000 1.293541 -0.031212 1.375059 0.002786 -5.152901 0.309174
0.960000 1.318392 -0.030996 1.355977 0.004241 -5.115501 0.306930
0.960000 1.342082 -0.030695 1.337180 0.005560 -5.064214 0.303853
0.960000 1.364629 -0.030317 1.318706 0.006749 -5.000385 0.300023
0.960000 1.386056 -0.029870 1.300589 0.007815 -4.925276 0.295517
0.960000 1.415566 -0.029102 1.274677 0.009167 -4.796956 0.287817
0.960000 1.442783 -0.028223 1.249674 0.010297 -4.650338 0.279020
0.960000 1.467792 -0.027252 1.225635 0.011236 -4.488555 0.269313
0.960000 1.490683 -0.026206 1.202641 0.011973 -4.314739 0.258884
0.960000 1.500855 -0.025687 1.192085 0.012253 -4.228683 0.253721
0.960000 1.510581 -0.025157 1.181773 0.012499 -4.140792 0.248448
0.960000 1.519869 -0.024616 1.171710 0.012708 -4.051314 0.243079
0.960000 1.528731 -0.024067 1.161894 0.012885 -3.960485 0.237629
0.960000 1.537178 -0.023512 1.152326 0.013033 -3.868525 0.232112
0.960000 1.545221 -0.022951 1.143010 0.013152 -3.775655 0.226539
0.960000 1.552869 -0.022385 1.133945 0.013242 -3.682090 0.220925
0.960000 1.560135 -0.021816 1.125133 0.013304 -3.588022 0.215281
0.960000 1.571822 -0.020828 1.110492 0.013354 -3.424845 0.205491
0.960000 1.582453 -0.019840 1.096598 0.013334 -3.261541 0.195692
0.960000 1.592081 -0.018854 1.083445 0.013249 -3.098806 0.185928
0.960000 1.600762 -0.017877 1.071021 0.013107 -2.937573 0.176254
0.960000 1.609058 -0.016846 1.058502 0.012921 -2.767020 0.166021
0.960000 1.616395 -0.015832 1.046799 0.012668 -2.599844 0.155991
0.960000 1.622836 -0.014841 1.035911 0.012336 -2.437364 0.146242
0.960000 1.628443 -0.013876 1.025740 0.012005 -2.278693 0.136722
0.960000 1.630743 -0.013444 1.021315 0.011863 -2.207185 0.132431
0.960000 1.632886 -0.013017 1.017049 0.011705 -2.136700 0.128202
0.960000 1.634877 -0.012596 1.012933 0.011538 -2.067236 0.124034
0.960000 1.636722 -0.012182 1.008967 0.011363 -1.998875 0.119932
0.960000 1.638426 -0.011774 1.005146 0.011178 -1.931678 0.115901
0.960000 1.639994 -0.011372 1.001465 0.010990 -1.865609 0.111937
0.960000 1.641431 -0.010978 0.997921 0.010798 -1.800674 0.108040
0.960000 1.642742 -0.010590 0.994511 0.010604 -1.736896 0.104214
0.960000 1.644382 -0.010057 0.989935 0.010328 -1.649214 0.098953
0.960000 1.645795 -0.009538 0.985610 0.010048 -1.563874 0.093832
0.960000 1.646995 -0.009034 0.981531 0.009763 -1.480915 0.088855
0.960000 1.647992 -0.008544 0.977688 0.009476 -1.400356 0.084021
0.960000 1.649026 -0.007915 0.972930 0.009091 -1.296945 0.077817
0.960000 1.649752 -0.007312 0.968558 0.008706 -1.197837 0.071870
0.960000 1.650194 -0.006736 0.964550 0.008325 -1.103038 0.066182
0.960000 1.650376 -0.006185 0.960894 0.007945 -1.012514 0.060751
0.960000 1.650348 -0.005750 0.958128 0.007631 -0.940962 0.056458
0.960000 1.650171 -0.005332 0.955580 0.007320 -0.872289 0.052337
0.960000 1.649858 -0.004931 0.953243 0.007010 -0.806443 0.048387
0.960000 1.649419 -0.004547 0.951103 0.006705 -0.743426 0.044606
0.960000 1.648865 -0.004180 0.949151 0.006407 -0.683190 0.040991
0.960000 1.648208 -0.003830 0.947378 0.006113 -0.625683 0.037541
0.960000 1.647457 -0.003496 0.945775 0.005827 -0.570886 0.034253
0.960000 1.646620 -0.003178 0.944335 0.005546 -0.518699 0.031122
0.960000 1.645593 -0.002841 0.942907 0.005238 -0.463319 0.027799
0.960000 1.644483 -0.002522 0.941660 0.004938 -0.411060 0.024664
0.960000 1.643300 -0.002222 0.940582 0.004648 -0.361780 0.021707
0.960000 1.642054 -0.001940 0.939665 0.004365 -0.315479 0.018929
0.960000 1.640981 -0.001719 0.939018 0.004137 -0.279297 0.016758
0.960000 1.639877 -0.001510 0.938467 0.003916 -0.245034 0.014702
0.960000 1.638746 -0.001312 0.938009 0.003699 -0.212659 0.012760
0.960000 1.637594 -0.001125 0.937635 0.003491 -0.182083 0.010925
0.960000 1.636424 -0.000949 0.937342 0.003289 -0.153231 0.009194
0.960000 1.635241 -0.000783 0.937123 0.003094 -0.126072 0.007564
0.960000 1.634049 -0.000628 0.936974 0.002907 -0.100543 0.006033
0.960000 1.632851 -0.000482 0.936891 0.002726 -0.076598 0.004596
0.960000 1.631600 -0.000339 0.936871 0.002543 -0.053284 0.003197
0.960000 1.630349 -0.000206 0.936913 0.002367 -0.031566 0.001894
0.960000 1.629103 -0.000083 0.937013 0.002196 -0.011379 0.000683
0.960000 1.627863 0.000032 0.937165 0.002033 0.007332 -0.000440
0.960000 1.626624 0.000138 0.937365 0.001877 0.024745 -0.001485
0.960000 1.625397 0.000236 0.937611 0.001727 0.040789 -0.002447
0.960000 1.624185 0.000326 0.937896 0.001585 0.055518 -0.003331
0.960000 1.622990 0.000409 0.938219 0.001449 0.069000 -0.004140
0.960000 1.621783 0.000486 0.938584 0.001316 0.081595 -0.004896
0.960000 1.620598 0.000556 0.938982 0.001189 0.092998 -0.005580
0.960000 1.619435 0.000619 0.939407 0.001068 0.103277 -0.006197
0.960000 1.618297 0.000676 0.939857 0.000954 0.112478 -0.006749
0.960000 1.617086 0.000730 0.940370 0.000837 0.121345 -0.007281
0.960000 1.615907 0.000778 0.940906 0.000726 0.129072 -0.007744
0.960000 1.614762 0.000819 0.941460 0.000623 0.135717 -0.008143
0.960000 1.613650 0.000854 0.942028 0.000526 0.141366 -0.008482
0.960000 1.612811 0.000877 0.942477 0.000455 0.145116 -0.008707
0.960000 1.611993 0.000897 0.942932 0.000388 0.148330 -0.008900
0.960000 1.611197 0.000914 0.943391 0.000324 0.151041 -0.009062
0.960000 1.610423 0.000927 0.943854 0.000264 0.153272 -0.009196
0.960000 1.609670 0.000939 0.944319 0.000208 0.155047 -0.009303
0.960000 1.608940 0.000947 0.944784 0.000154 0.156396 -0.009384
0.960000 1.608231 0.000953 0.945250 0.000104 0.157344 -0.009441
0.960000 1.607545 0.000957 0.945715 0.000057 0.157915 -0.009475
0.960000 1.606686 0.000959 0.946316 -0.000000 0.158135 -0.009488
0.960000 1.605864 0.000957 0.946912 -0.000052 0.157807 -0.009468
0.960000 1.605078 0.000952 0.947502 -0.000100 0.156979 -0.009419
0.960000 1.604328 0.000945 0.948083 -0.000143 0.155696 -0.009342
0.960000 1.603482 0.000933 0.948763 -0.000189 0.153631 -0.009218
0.960000 1.602685 0.000917 0.949429 -0.000229 0.151055 -0.009063
0.960000 1.601937 0.000899 0.950078 -0.000265 0.148038 -0.008882
0.960000 1.601235 0.000879 0.950710 -0.000296 0.144621 -0.008677
0.960000 1.600605 0.000857 0.951297 -0.000321 0.141044 -0.008463
0.960000 1.600015 0.000834 0.951865 -0.000343 0.137186 -0.008231
0.960000 1.599465 0.000809 0.952416 -0.000361 0.133050 -0.007983
0.960000 1.598953 0.000783 0.952945 -0.000375 0.128749 -0.007725
0.960000 1.598611 0.000765 0.953309 -0.000384 0.125627 -0.007538
0.960000 1.598287 0.000745 0.953663 -0.000391 0.122441 -0.007346
0.960000 1.597980 0.000726 0.954006 -0.000396 0.119219 -0.007153
0.960000 1.597690 0.000706 0.954340 -0.000400 0.115950 -0.006957
0.960000 1.597417 0.000686 0.954663 -0.000404 0.112632 -0.006758
0.960000 1.597159 0.000666 0.954976 -0.000407 0.109292 -0.006558
0.960000 1.596917 0.000645 0.955279 -0.000408 0.105936 -0.006356
0.960000 1.596689 0.000625 0.955572 -0.000409 0.102575 -0.006155
0.960000 1.596482 0.000605 0.955844 -0.000408 0.099329 -0.005960
0.960000 1.596289 0.000586 0.956108 -0.000406 0.096093 -0.005766
0.960000 1.596107 0.000566 0.956362 -0.000404 0.092873 -0.005572
0.960000 1.595938 0.000547 0.956606 -0.000401 0.089675 -0.005380
0.960000 1.595764 0.000526 0.956866 -0.000397 0.086166 -0.005170
0.960000 1.595603 0.000505 0.957115 -0.000392 0.082697 -0.004962
0.960000 1.595456 0.000484 0.957353 -0.000387 0.079274 -0.004756
0.960000 1.595321 0.000463 0.957580 -0.000381 0.075900 -0.004554
0.960000 1.595170 0.000438 0.957848 -0.000373 0.071786 -0.004307
0.960000 1.595036 0.000414 0.958100 -0.000364 0.067763 -0.004066
0.960000 1.594918 0.000390 0.958336 -0.000355 0.063835 -0.003830
0.960000 1.594815 0.000367 0.958558 -0.000345 0.060015 -0.003601
0.960000 1.594707 0.000339 0.958813 -0.000333 0.055422 -0.003325
0.960000 1.594620 0.000312 0.959046 -0.000319 0.051028 -0.003062
0.960000 1.594550 0.000287 0.959256 -0.000303 0.046880 -0.002813
0.960000 1.594497 0.000263 0.959450 -0.000289 0.042901 -0.002574
0.960000 1.594478 0.000252 0.959534 -0.000284 0.041101 -0.002466
0.960000 1.594462 0.000241 0.959614 -0.000278 0.039343 -0.002361
0.960000 1.594449 0.000231 0.959690 -0.000272 0.037626 -0.002258
0.960000 1.594438 0.000221 0.959762 -0.000265 0.035953 -0.002157
0.960000 1.594431 0.000211 0.959831 -0.000258 0.034327 -0.002060
0.960000 1.594426 0.000201 0.959896 -0.000252 0.032743 -0.001965
0.960000 1.594423 0.000192 0.959958 -0.000245 0.031200 -0.001872
0.960000 1.594422 0.000183 0.960017 -0.000238 0.029699 -0.001782
0.960000 1.594426 0.000170 0.960096 -0.000229 0.027594 -0.001656
0.960000 1.594433 0.000157 0.960170 -0.000220 0.025574 -0.001534
0.960000 1.594444 0.000146 0.960237 -0.000210 0.023639 -0.001418
0.960000 1.594459 0.000134 0.960299 -0.000201 0.021785 -0.001307
0.960000 1.594463 0.000132 0.960314 -0.000199 0.021328 -0.001280
0.960000 1.594467 0.000129 0.960328 -0.000197 0.020875 -0.001252
0.960000 1.594472 0.000126 0.960342 -0.000195 0.020427 -0.001226
0.960000 1.594477 0.000123 0.960356 -0.000192 0.019985 -0.001199
