0.340000 0.000000 0.000000 0.340000 0.000000 -9.421400 0.565284
0.340000 -0.000000 0.000000 0.339950 0.000050 -9.420373 0.565222
0.340000 -0.000000 0.000000 0.339900 0.000100 -9.419346 0.565161
0.340000 -0.000000 0.000000 0.339849 0.000149 -9.418319 0.565099
0.340000 -0.000000 0.000000 0.339799 0.000199 -9.417292 0.565038
0.340000 -0.000000 0.000000 0.339548 0.000448 -9.412158 0.564729
0.340000 -0.000000 0.000000 0.339297 0.000697 -9.407025 0.564422
0.340000 -0.000000 0.000000 0.339046 0.000945 -9.401893 0.564114
0.340000 -0.000000 0.000000 0.338796 0.001194 -9.396762 0.563806
0.340000 -0.000000 0.000000 0.337545 0.002434 -9.371120 0.562267
0.340000 -0.000001 0.000001 0.336297 0.003671 -9.345501 0.560730
0.340000 -0.000001 0.000001 0.335053 0.004904 -9.319905 0.559194
0.340000 -0.000002 0.000002 0.333813 0.006134 -9.294333 0.557660
0.340000 -0.000006 0.000006 0.327660 0.012234 -9.166814 0.550009
0.340000 -0.000015 0.000014 0.321591 0.018250 -9.039873 0.542392
0.340000 -0.000026 0.000026 0.315606 0.024184 -8.913508 0.534810
0.340000 -0.000040 0.000040 0.309703 0.030035 -8.787720 0.527263
0.340000 -0.000157 0.000156 0.281406 0.058090 -8.167448 0.490047
0.340000 -0.000346 0.000343 0.255072 0.084201 -7.561625 0.453698
0.340000 -0.000601 0.000595 0.230619 0.108455 -6.970249 0.418215
0.340000 -0.000917 0.000910 0.207964 0.130932 -6.393298 0.383598
0.340000 -0.001812 0.001797 0.163962 0.174623 -5.171409 0.310285
0.340000 -0.002938 0.002914 0.127536 0.210858 -4.018823 0.241129
0.340000 -0.004256 0.004222 0.097943 0.240383 -2.934493 0.176070
0.340000 -0.005726 0.005683 0.074492 0.263893 -1.917129 0.115028
0.340000 -0.008027 0.007972 0.050362 0.288330 -0.575690 0.034541
0.340000 -0.010487 0.010423 0.035784 0.303478 0.637859 -0.038272
0.340000 -0.013035 0.012968 0.029236 0.310854 1.730068 -0.103804
0.340000 -0.015609 0.015547 0.029351 0.311819 2.707722 -0.162463
0.340000 -0.018802 0.018760 0.037092 0.305781 3.785181 -0.227111
0.340000 -0.021879 0.021878 0.051429 0.293507 4.708337 -0.282500
0.340000 -0.024783 0.024846 0.070655 0.276676 5.492206 -0.329532
0.340000 -0.027469 0.027622 0.093320 0.256711 6.150425 -0.369026
0.340000 -0.030324 0.030621 0.122999 0.230589 6.785356 -0.407121
0.340000 -0.032802 0.033291 0.154375 0.203108 7.283226 -0.436994
0.340000 -0.034894 0.035623 0.186314 0.175348 7.662985 -0.459779
0.340000 -0.036594 0.037617 0.217911 0.148174 7.940696 -0.476442
0.340000 -0.037955 0.039344 0.249791 0.121120 8.137148 -0.488229
0.340000 -0.038916 0.040734 0.280146 0.095762 8.253696 -0.495222
0.340000 -0.039501 0.041813 0.308684 0.072350 8.303698 -0.498222
0.340000 -0.039732 0.042605 0.335179 0.051070 8.298595 -0.497916
0.340000 -0.039642 0.043125 0.358871 0.032506 8.250314 -0.495019
0.340000 -0.039268 0.043425 0.380551 0.015983 8.167681 -0.490061
0.340000 -0.038637 0.043532 0.400273 0.001421 8.057763 -0.483466
0.340000 -0.037771 0.043470 0.418096 -0.011257 7.926657 -0.475599
0.340000 -0.036753 0.043273 0.433333 -0.021642 7.787381 -0.467243
0.340000 -0.035563 0.042962 0.447058 -0.030557 7.637453 -0.458247
0.340000 -0.034220 0.042553 0.459389 -0.038129 7.480015 -0.448801
0.340000 -0.032737 0.042063 0.470433 -0.044477 7.317752 -0.439065
0.340000 -0.030927 0.041431 0.481428 -0.050284 7.132699 -0.427962
0.340000 -0.028980 0.040730 0.491115 -0.054877 6.946705 -0.416802
0.340000 -0.026912 0.039975 0.499654 -0.058422 6.761600 -0.405696
0.340000 -0.024737 0.039180 0.507184 -0.061061 6.578865 -0.394732
0.340000 -0.021868 0.038138 0.515420 -0.063298 6.354071 -0.381244
0.340000 -0.018872 0.037067 0.522516 -0.064568 6.135828 -0.368150
0.340000 -0.015764 0.035981 0.528689 -0.065089 5.924676 -0.355481
0.340000 -0.012560 0.034891 0.534110 -0.065031 5.721052 -0.343263
0.340000 -0.008074 0.033422 0.540527 -0.064282 5.456848 -0.327411
0.340000 -0.003452 0.031975 0.546129 -0.063031 5.205357 -0.312321
0.340000 0.001293 0.030558 0.551138 -0.061487 4.964993 -0.297900
0.340000 0.006147 0.029178 0.555710 -0.059801 4.735115 -0.284107
0.340000 0.011632 0.027699 0.560401 -0.057903 4.492061 -0.269524
0.340000 0.017231 0.026267 0.564783 -0.056033 4.258702 -0.255522
0.340000 0.022939 0.024879 0.568896 -0.054220 4.033585 -0.242015
0.340000 0.028749 0.023535 0.572789 -0.052502 3.816003 -0.228960
0.340000 0.034411 0.022287 0.576346 -0.050965 3.613758 -0.216825
0.340000 0.040158 0.021075 0.579712 -0.049510 3.417161 -0.205030
0.340000 0.045983 0.019896 0.582881 -0.048124 3.225832 -0.193550
0.340000 0.051883 0.018750 0.585855 -0.046802 3.039491 -0.182369
0.340000 0.059141 0.017401 0.589211 -0.045278 2.819583 -0.169175
0.340000 0.066492 0.016095 0.592269 -0.043815 2.606489 -0.156389
0.340000 0.073929 0.014831 0.595024 -0.042396 2.400079 -0.144005
0.340000 0.081442 0.013609 0.597484 -0.041019 2.200159 -0.132010
0.340000 0.091880 0.011992 0.600396 -0.039185 1.935572 -0.116134
0.340000 0.102425 0.010449 0.602773 -0.037403 1.682843 -0.100971
0.340000 0.113055 0.008977 0.604637 -0.035669 1.441831 -0.086510
0.340000 0.123749 0.007574 0.606011 -0.033981 1.212106 -0.072726
0.340000 0.138043 0.005810 0.607115 -0.031795 0.923461 -0.055408
0.340000 0.152375 0.004162 0.607455 -0.029689 0.653707 -0.039222
0.340000 0.166706 0.002625 0.607099 -0.027675 0.402128 -0.024128
0.340000 0.180999 0.001195 0.606083 -0.025735 0.168025 -0.010081
0.340000 0.196151 -0.000217 0.604328 -0.023745 -0.062908 0.003774
0.340000 0.211184 -0.001518 0.601944 -0.021841 -0.275577 0.016535
0.340000 0.226065 -0.002714 0.598980 -0.020013 -0.470835 0.028250
0.340000 0.240761 -0.003808 0.595500 -0.018273 -0.649414 0.038965
0.340000 0.255803 -0.004841 0.591396 -0.016557 -0.818167 0.049090
0.340000 0.270588 -0.005776 0.586842 -0.014931 -0.970640 0.058238
0.340000 0.285089 -0.006615 0.581899 -0.013401 -1.107566 0.066454
0.340000 0.299286 -0.007366 0.576603 -0.011953 -1.229979 0.073799
0.340000 0.312185 -0.007989 0.571399 -0.010672 -1.331384 0.079883
0.340000 0.324790 -0.008543 0.565964 -0.009459 -1.421527 0.085292
0.340000 0.337091 -0.009033 0.560329 -0.008309 -1.501145 0.090069
0.340000 0.349076 -0.009461 0.554524 -0.007223 -1.570639 0.094238
0.340000 0.360757 -0.009831 0.548572 -0.006201 -1.630649 0.097839
0.340000 0.372105 -0.010147 0.542508 -0.005241 -1.681682 0.100901
0.340000 0.383116 -0.010411 0.536351 -0.004336 -1.724180 0.103451
0.340000 0.393785 -0.010627 0.530133 -0.003491 -1.758811 0.105529
0.340000 0.401370 -0.010756 0.525559 -0.002909 -1.779508 0.106770
0.340000 0.408769 -0.010862 0.520969 -0.002355 -1.796439 0.107786
0.340000 0.415982 -0.010946 0.516372 -0.001829 -1.809797 0.108588
0.340000 0.423010 -0.011010 0.511773 -0.001329 -1.819753 0.109185
0.340000 0.429852 -0.011054 0.507180 -0.000854 -1.826474 0.109588
0.340000 0.436509 -0.011079 0.502599 -0.000405 -1.830142 0.109809
0.340000 0.442982 -0.011087 0.498038 0.000020 -1.830926 0.109856
0.340000 0.449271 -0.011078 0.493500 0.000421 -1.828985 0.109739
0.340000 0.456611 -0.011046 0.488069 0.000874 -1.823242 0.109395
0.340000 0.463688 -0.010994 0.482690 0.001294 -1.814028 0.108842
0.340000 0.470504 -0.010921 0.477370 0.001684 -1.801595 0.108096
0.340000 0.477063 -0.010830 0.472117 0.002043 -1.786186 0.107171
0.340000 0.489915 -0.010589 0.461416 0.002704 -1.745532 0.104732
0.340000 0.501700 -0.010286 0.451086 0.003251 -1.694931 0.101696
0.340000 0.512458 -0.009933 0.441170 0.003690 -1.636190 0.098171
0.340000 0.522233 -0.009540 0.431696 0.004040 -1.570915 0.094255
0.340000 0.526349 -0.009351 0.427556 0.004173 -1.539596 0.092376
0.340000 0.530276 -0.009157 0.423515 0.004288 -1.507358 0.090441
0.340000 0.534020 -0.008958 0.419571 0.004389 -1.474323 0.088459
0.340000 0.537585 -0.008754 0.415729 0.004475 -1.440604 0.086436
0.340000 0.540977 -0.008547 0.411988 0.004546 -1.406311 0.084379
0.340000 0.544198 -0.008337 0.408349 0.004604 -1.371545 0.082293
0.340000 0.547256 -0.008124 0.404813 0.004650 -1.336399 0.080184
0.340000 0.550152 -0.007910 0.401379 0.004683 -1.300965 0.078058
0.340000 0.554150 -0.007591 0.396492 0.004714 -1.248264 0.074896
0.340000 0.557823 -0.007271 0.391827 0.004722 -1.195374 0.071722
0.340000 0.561187 -0.006951 0.387383 0.004711 -1.142537 0.068552
0.340000 0.564257 -0.006632 0.383158 0.004681 -1.089947 0.065397
0.340000 0.566776 -0.006348 0.379546 0.004641 -1.043079 0.062585
0.340000 0.569080 -0.006067 0.376105 0.004588 -0.996688 0.059801
0.340000 0.571180 -0.005789 0.372832 0.004526 -0.950876 0.057053
0.340000 0.573085 -0.005515 0.369724 0.004454 -0.905761 0.054346
0.340000 0.574806 -0.005246 0.366777 0.004373 -0.861438 0.051686
0.340000 0.576352 -0.004983 0.363988 0.004285 -0.817980 0.049079
0.340000 0.577733 -0.004724 0.361355 0.004187 -0.775468 0.046528
0.340000 0.578958 -0.004472 0.358871 0.004085 -0.733955 0.044037
0.340000 0.580083 -0.004215 0.356426 0.003972 -0.691615 0.041497
0.340000 0.581056 -0.003965 0.354134 0.003856 -0.650479 0.039029
0.340000 0.581889 -0.003723 0.351986 0.003741 -0.610595 0.036636
0.340000 0.582589 -0.003488 0.349984 0.003621 -0.571977 0.034319
0.340000 0.583094 -0.003292 0.348368 0.003513 -0.539681 0.032381
0.340000 0.583513 -0.003102 0.346852 0.003404 -0.508375 0.030502
0.340000 0.583851 -0.002917 0.345435 0.003290 -0.478046 0.028683
0.340000 0.584113 -0.002739 0.344110 0.003178 -0.448735 0.026924
0.340000 0.584285 -0.002588 0.343023 0.003081 -0.423944 0.025437
0.340000 0.584406 -0.002442 0.342001 0.002984 -0.399919 0.023995
0.340000 0.584479 -0.002300 0.341043 0.002889 -0.376672 0.022600
0.340000 0.584507 -0.002164 0.340146 0.002793 -0.354186 0.021251
0.340000 0.584490 -0.002018 0.339227 0.002688 -0.330253 0.019815
0.340000 0.584426 -0.001878 0.338376 0.002584 -0.307240 0.018434
0.340000 0.584319 -0.001743 0.337592 0.002481 -0.285128 0.017108
0.340000 0.584171 -0.001614 0.336871 0.002379 -0.263918 0.015835
0.340000 0.583966 -0.001478 0.336145 0.002268 -0.241541 0.014492
0.340000 0.583720 -0.001348 0.335490 0.002159 -0.220227 0.013214
0.340000 0.583438 -0.001225 0.334901 0.002052 -0.199963 0.011998
0.340000 0.583123 -0.001107 0.334375 0.001947 -0.180717 0.010843
0.340000 0.582779 -0.000996 0.333909 0.001845 -0.162462 0.009748
0.340000 0.582410 -0.000891 0.333498 0.001745 -0.145178 0.008711
0.340000 0.582017 -0.000791 0.333139 0.001650 -0.128836 0.007730
0.340000 0.581606 -0.000697 0.332830 0.001557 -0.113413 0.006805
0.340000 0.581185 -0.000610 0.332573 0.001467 -0.099147 0.005949
0.340000 0.580751 -0.000528 0.332358 0.001381 -0.085716 0.005143
0.340000 0.580306 -0.000451 0.332184 0.001295 -0.073091 0.004385
0.340000 0.579851 -0.000379 0.332046 0.001213 -0.061252 0.003675
0.340000 0.579438 -0.000318 0.331951 0.001143 -0.051272 0.003076
0.340000 0.579020 -0.000261 0.331881 0.001075 -0.041880 0.002513
0.340000 0.578599 -0.000207 0.331836 0.001010 -0.033061 0.001984
0.340000 0.578177 -0.000156 0.331813 0.000947 -0.024788 0.001487
0.340000 0.577764 -0.000110 0.331811 0.000887 -0.017237 0.001034
0.340000 0.577353 -0.000067 0.331828 0.000830 -0.010171 0.000610
0.340000 0.576942 -0.000027 0.331863 0.000774 -0.003570 0.000214
0.340000 0.576534 0.000011 0.331913 0.000721 0.002581 -0.000155
0.340000 0.576044 0.000053 0.331994 0.000659 0.009443 -0.000567
0.340000 0.575560 0.000091 0.332094 0.000600 0.015701 -0.000942
0.340000 0.575082 0.000126 0.332212 0.000544 0.021381 -0.001283
0.340000 0.574612 0.000158 0.332345 0.000491 0.026519 -0.001591
0.340000 0.574190 0.000184 0.332479 0.000445 0.030764 -0.001846
0.340000 0.573775 0.000207 0.332624 0.000401 0.034602 -0.002076
0.340000 0.573369 0.000228 0.332777 0.000360 0.038055 -0.002283
0.340000 0.572972 0.000247 0.332939 0.000321 0.041139 -0.002468
0.340000 0.572584 0.000264 0.333108 0.000284 0.043872 -0.002632
0.340000 0.572205 0.000279 0.333283 0.000249 0.046275 -0.002776
0.340000 0.571837 0.000292 0.333463 0.000215 0.048366 -0.002902
0.340000 0.571478 0.000303 0.333648 0.000184 0.050164 -0.003010
0.340000 0.571105 0.000313 0.333849 0.000153 0.051791 -0.003107
0.340000 0.570744 0.000321 0.334054 0.000123 0.053120 -0.003187
0.340000 0.570395 0.000328 0.334260 0.000097 0.054171 -0.003250
0.340000 0.570059 0.000333 0.334467 0.000071 0.054967 -0.003298
0.340000 0.569736 0.000336 0.334674 0.000048 0.055521 -0.003331
0.340000 0.569426 0.000338 0.334881 0.000027 0.055857 -0.003351
0.340000 0.569127 0.000339 0.335088 0.000006 0.055996 -0.003360
0.340000 0.568841 0.000339 0.335293 -0.000013 0.055946 -0.003357
0.340000 0.568574 0.000338 0.335492 -0.000029 0.055731 -0.003344
0.340000 0.568318 0.000336 0.335687 -0.000044 0.055365 -0.003322
0.340000 0.568074 0.000333 0.335880 -0.000058 0.054855 -0.003291
0.340000 0.567840 0.000329 0.336070 -0.000070 0.054224 -0.003253
0.340000 0.567605 0.000325 0.336268 -0.000082 0.053435 -0.003206
0.340000 0.567382 0.000319 0.336461 -0.000092 0.052538 -0.003152
0.340000 0.567170 0.000313 0.336649 -0.000102 0.051554 -0.003093
0.340000 0.566970 0.000307 0.336833 -0.000110 0.050478 -0.003029
0.340000 0.566823 0.000301 0.336973 -0.000116 0.049581 -0.002975
0.340000 0.566682 0.000296 0.337109 -0.000121 0.048642 -0.002919
0.340000 0.566548 0.000290 0.337243 -0.000126 0.047664 -0.002860
0.340000 0.566420 0.000284 0.337373 -0.000130 0.046654 -0.002799
0.340000 0.566298 0.000278 0.337500 -0.000133 0.045620 -0.002737
0.340000 0.566182 0.000271 0.337623 -0.000136 0.044561 -0.002674
0.340000 0.566071 0.000265 0.337743 -0.000138 0.043483 -0.002609
0.340000 0.565967 0.000258 0.337860 -0.000140 0.042387 -0.002543
0.340000 0.565839 0.000249 0.338008 -0.000142 0.040935 -0.002456
0.340000 0.565719 0.000240 0.338149 -0.000143 0.039467 -0.002368
0.340000 0.565609 0.000231 0.338286 -0.000144 0.037990 -0.002279
0.340000 0.565506 0.000222 0.338416 -0.000145 0.036508 -0.002190
0.340000 0.565396 0.000212 0.338562 -0.000145 0.034771 -0.002086
0.340000 0.565296 0.000201 0.338701 -0.000144 0.033039 -0.001982
0.340000 0.565206 0.000191 0.338831 -0.000142 0.031310 -0.001879
0.340000 0.565125 0.000181 0.338954 -0.000139 0.029611 -0.001777
0.340000 0.565057 0.000171 0.339064 -0.000137 0.028020 -0.001681
0.340000 0.564996 0.000162 0.339167 -0.000134 0.026474 -0.001588
0.340000 0.564942 0.000153 0.339264 -0.000130 0.025010 -0.001501
0.340000 0.564894 0.000144 0.339355 -0.000128 0.023565 -0.001414
0.340000 0.564856 0.000136 0.339431 -0.000124 0.022300 -0.001338
0.340000 0.564824 0.000128 0.339503 -0.000121 0.021054 -0.001263
0.340000 0.564795 0.000121 0.339574 -0.000120 0.019770 -0.001186
0.340000 0.564771 0.000114 0.339638 -0.000117 0.018540 -0.001112
0.340000 0.564757 0.000109 0.339674 -0.000113 0.017833 -0.001070
0.340000 0.564745 0.000105 0.339709 -0.000110 0.017139 -0.001028
0.340000 0.564735 0.000101 0.339743 -0.000107 0.016462 -0.000988
0.340000 0.564726 0.000097 0.339775 -0.000104 0.015796 -0.000948
0.340000 0.564718 0.000093 0.339807 -0.000102 0.015138 -0.000908
0.340000 0.564711 0.000089 0.339837 -0.000100 0.014494 -0.000870
0.340000 0.564705 0.000085 0.339866 -0.000098 0.013865 -0.000832
0.340000 0.564700 0.000081 0.339893 -0.000096 0.013250 -0.000795
0.340000 0.564696 0.000076 0.339928 -0.000092 0.012440 -0.000746
0.340000 0.564693 0.000072 0.339961 -0.000089 0.011657 -0.000699
0.340000 0.564691 0.000067 0.339991 -0.000086 0.010902 -0.000654
0.340000 0.564692 0.000063 0.340019 -0.000083 0.010175 -0.000610
0.340000 0.564694 0.000058 0.340049 -0.000079 0.009378 -0.000563
0.340000 0.564697 0.000053 0.340076 -0.000076 0.008617 -0.000517
0.340000 0.564703 0.000049 0.340100 -0.000072 0.007891 -0.000473
0.340000 0.564709 0.000044 0.340122 -0.000069 0.007200 -0.000432
