0.640000 0.000000 0.000000 0.640000 0.000000 -17.734400 1.064064
0.640000 -0.000000 0.000000 0.639950 0.000050 -17.733373 1.064002
0.640000 -0.000000 0.000000 0.639900 0.000100 -17.732346 1.063941
0.640000 -0.000000 0.000000 0.639849 0.000149 -17.731319 1.063879
0.640000 -0.000000 0.000000 0.639799 0.000199 -17.730292 1.063818
0.640000 -0.000000 0.000000 0.639548 0.000448 -17.725158 1.063509
0.640000 -0.000000 0.000000 0.639297 0.000697 -17.720024 1.063201
0.640000 -0.000000 0.000000 0.639046 0.000946 -17.714890 1.062893
0.640000 -0.000000 0.000000 0.638795 0.001194 -17.709757 1.062585
0.640000 -0.000000 0.000000 0.637542 0.002437 -17.684099 1.061046
0.640000 -0.000000 0.000000 0.636290 0.003678 -17.658454 1.059507
0.640000 -0.000001 0.000001 0.635041 0.004916 -17.632821 1.057969
0.640000 -0.000001 0.000001 0.633793 0.006153 -17.607200 1.056432
0.640000 -0.000003 0.000003 0.627581 0.012312 -17.479278 1.048757
0.640000 -0.000008 0.000008 0.621414 0.018426 -17.351663 1.041100
0.640000 -0.000014 0.000014 0.615291 0.024495 -17.224354 1.033461
0.640000 -0.000022 0.000021 0.609214 0.030520 -17.097352 1.025841
0.640000 -0.000085 0.000084 0.579489 0.059989 -16.466937 0.988016
0.640000 -0.000190 0.000188 0.550850 0.088382 -15.844192 0.950652
0.640000 -0.000333 0.000330 0.523272 0.115724 -15.229124 0.913747
0.640000 -0.000514 0.000510 0.496732 0.142040 -14.621735 0.877304
0.640000 -0.001475 0.001462 0.408131 0.229919 -12.465857 0.747951
0.640000 -0.002854 0.002830 0.331991 0.305499 -10.412561 0.624754
0.640000 -0.004592 0.004555 0.267277 0.369824 -8.461340 0.507680
0.640000 -0.006633 0.006580 0.213019 0.423870 -6.611417 0.396685
0.640000 -0.010067 0.009991 0.150461 0.486451 -4.078693 0.244722
0.640000 -0.013901 0.013802 0.105808 0.531529 -1.755756 0.105345
0.640000 -0.018010 0.017894 0.076625 0.561540 0.364933 -0.021896
0.640000 -0.022286 0.022161 0.060667 0.578729 2.292294 -0.137538
0.640000 -0.027974 0.027853 0.056347 0.585252 4.536882 -0.272213
0.640000 -0.033628 0.033537 0.067111 0.577337 6.495517 -0.389731
0.640000 -0.039123 0.039091 0.089510 0.558397 8.195231 -0.491714
0.640000 -0.044355 0.044420 0.120574 0.531364 9.661064 -0.579664
0.640000 -0.050091 0.050324 0.165072 0.492309 11.123595 -0.667416
0.640000 -0.055280 0.055749 0.215131 0.448358 12.331042 -0.739863
0.640000 -0.059879 0.060656 0.268348 0.401832 13.316290 -0.798977
0.640000 -0.063855 0.065022 0.322855 0.354531 14.105823 -0.846349
0.640000 -0.067554 0.069259 0.383747 0.302235 14.785841 -0.887150
0.640000 -0.070475 0.072832 0.443282 0.251755 15.279677 -0.916781
0.640000 -0.072646 0.075774 0.500576 0.203882 15.613235 -0.936794
0.640000 -0.074096 0.078119 0.554973 0.159196 15.808214 -0.948493
0.640000 -0.074887 0.080008 0.609464 0.115325 15.885050 -0.953103
0.640000 -0.074954 0.081320 0.659968 0.075603 15.847854 -0.950871
0.640000 -0.074354 0.082116 0.706408 0.040032 15.716428 -0.942986
0.640000 -0.073142 0.082449 0.748733 0.008600 15.508223 -0.930493
0.640000 -0.071557 0.082396 0.783593 -0.016404 15.266113 -0.915967
0.640000 -0.069556 0.082050 0.815251 -0.038269 14.984381 -0.899063
0.640000 -0.067178 0.081450 0.843864 -0.057179 14.672374 -0.880342
0.640000 -0.064460 0.080630 0.869581 -0.073308 14.338332 -0.860300
0.640000 -0.061374 0.079602 0.892993 -0.087086 13.982463 -0.838948
0.640000 -0.058006 0.078415 0.913802 -0.098423 13.617505 -0.817050
0.640000 -0.054388 0.077097 0.932241 -0.107563 13.248763 -0.794926
0.640000 -0.050548 0.075675 0.948519 -0.114730 12.880661 -0.772840
0.640000 -0.045602 0.073834 0.965754 -0.121113 12.437690 -0.746261
0.640000 -0.040407 0.071911 0.980507 -0.125313 12.005308 -0.720318
0.640000 -0.034999 0.069937 0.993167 -0.127722 11.586449 -0.695187
0.640000 -0.029409 0.067938 1.004058 -0.128664 11.183196 -0.670992
0.640000 -0.022461 0.065523 1.015253 -0.128269 10.719423 -0.643165
0.640000 -0.015319 0.063127 1.024805 -0.126663 10.279380 -0.616763
0.640000 -0.008009 0.060768 1.033116 -0.124236 9.861647 -0.591699
0.640000 -0.000551 0.058460 1.040494 -0.121288 9.465047 -0.567903
0.640000 0.010239 0.055296 1.049861 -0.116699 8.936389 -0.536183
0.640000 0.021268 0.052255 1.058335 -0.111983 8.439425 -0.506365
0.640000 0.032524 0.049328 1.066183 -0.107368 7.967251 -0.478035
0.640000 0.043984 0.046520 1.073632 -0.103056 7.517133 -0.451028
0.640000 0.053838 0.044233 1.079733 -0.099727 7.151463 -0.429088
0.640000 0.063827 0.042018 1.085619 -0.096651 6.796975 -0.407818
0.640000 0.073948 0.039869 1.091268 -0.093791 6.452336 -0.387140
0.640000 0.084194 0.037782 1.096683 -0.091136 6.116626 -0.366998
0.640000 0.095917 0.035494 1.102518 -0.088363 5.747057 -0.344823
0.640000 0.107784 0.033274 1.107994 -0.085763 5.387376 -0.323243
0.640000 0.119786 0.031118 1.113082 -0.083288 5.037251 -0.302235
0.640000 0.131913 0.029024 1.117776 -0.080920 4.696315 -0.281779
0.640000 0.148010 0.026363 1.123337 -0.077941 4.262056 -0.255723
0.640000 0.164282 0.023801 1.128190 -0.075062 3.843218 -0.230593
0.640000 0.180704 0.021335 1.132339 -0.072258 3.439822 -0.206389
0.640000 0.197253 0.018961 1.135806 -0.069519 3.051395 -0.183084
0.640000 0.221889 0.015617 1.139698 -0.065551 2.504086 -0.150245
0.640000 0.246683 0.012467 1.142236 -0.061712 1.988472 -0.119308
0.640000 0.271567 0.009507 1.143544 -0.058040 1.503882 -0.090233
0.640000 0.296485 0.006727 1.143656 -0.054483 1.048789 -0.062927
0.640000 0.319157 0.004345 1.142757 -0.051312 0.659102 -0.039546
0.640000 0.341769 0.002103 1.140998 -0.048245 0.292505 -0.017550
0.640000 0.364283 -0.000003 1.138440 -0.045280 -0.051898 0.003114
0.640000 0.386666 -0.001979 1.135136 -0.042417 -0.374765 0.022486
0.640000 0.418182 -0.004569 1.129260 -0.038522 -0.798219 0.047893
0.640000 0.449280 -0.006917 1.122129 -0.034828 -1.181714 0.070903
0.640000 0.479884 -0.009033 1.113881 -0.031339 -1.526949 0.091617
0.640000 0.509928 -0.010931 1.104649 -0.028048 -1.836723 0.110203
0.640000 0.540881 -0.012710 1.093950 -0.024748 -2.126286 0.127577
0.640000 0.571086 -0.014274 1.082437 -0.021670 -2.381065 0.142864
0.640000 0.600491 -0.015637 1.070278 -0.018852 -2.604232 0.156254
0.640000 0.629053 -0.016815 1.057474 -0.016176 -2.796340 0.167780
0.640000 0.644134 -0.017379 1.050297 -0.014767 -2.887459 0.173248
0.640000 0.658952 -0.017892 1.043006 -0.013425 -2.970501 0.178230
0.640000 0.673502 -0.018357 1.035606 -0.012137 -3.045755 0.182745
0.640000 0.687781 -0.018777 1.028114 -0.010906 -3.113589 0.186815
0.640000 0.701785 -0.019153 1.020545 -0.009732 -3.174345 0.190461
0.640000 0.715512 -0.019487 1.012906 -0.008606 -3.228248 0.193695
0.640000 0.728959 -0.019781 1.005209 -0.007527 -3.275558 0.196533
0.640000 0.742126 -0.020036 0.997464 -0.006493 -3.316562 0.198994
0.640000 0.759568 -0.020324 0.986883 -0.005157 -3.362666 0.201760
0.640000 0.776485 -0.020548 0.976265 -0.003901 -3.398256 0.203895
0.640000 0.792876 -0.020712 0.965637 -0.002724 -3.423977 0.205439
0.640000 0.808740 -0.020819 0.955022 -0.001620 -3.440441 0.206426
0.640000 0.827132 -0.020878 0.942299 -0.000387 -3.448805 0.206928
0.640000 0.844769 -0.020867 0.929664 0.000747 -3.445632 0.206738
0.640000 0.861656 -0.020791 0.917146 0.001789 -3.431888 0.205913
0.640000 0.877802 -0.020656 0.904779 0.002739 -3.408454 0.204507
0.640000 0.891434 -0.020492 0.894019 0.003504 -3.380439 0.202826
0.640000 0.904504 -0.020289 0.883413 0.004205 -3.346137 0.200768
0.640000 0.917021 -0.020051 0.872976 0.004844 -3.306073 0.198364
0.640000 0.928994 -0.019781 0.862721 0.005425 -3.260782 0.195647
0.640000 0.942697 -0.019417 0.850638 0.006052 -3.200030 0.192002
0.640000 0.955645 -0.019017 0.838854 0.006603 -3.133222 0.187993
0.640000 0.967858 -0.018584 0.827386 0.007083 -3.061142 0.183669
0.640000 0.979355 -0.018122 0.816246 0.007496 -2.984466 0.179068
0.640000 0.990382 -0.017626 0.805220 0.007854 -2.902119 0.174127
0.640000 1.000708 -0.017109 0.794557 0.008151 -2.816331 0.168980
0.640000 1.010358 -0.016574 0.784262 0.008396 -2.727675 0.163660
0.640000 1.019355 -0.016025 0.774345 0.008586 -2.636801 0.158208
0.640000 1.027723 -0.015466 0.764804 0.008730 -2.544249 0.152655
0.640000 1.035488 -0.014899 0.755647 0.008828 -2.450499 0.147030
0.640000 1.042673 -0.014327 0.746883 0.008872 -2.356057 0.141363
0.640000 1.049304 -0.013753 0.738494 0.008885 -2.261279 0.135677
0.640000 1.054619 -0.013255 0.731527 0.008872 -2.179132 0.130748
0.640000 1.059553 -0.012759 0.724839 0.008836 -2.097230 0.125834
0.640000 1.064121 -0.012266 0.718420 0.008788 -2.015786 0.120947
0.640000 1.068337 -0.011777 0.712278 0.008717 -1.934973 0.116098
0.640000 1.071632 -0.011367 0.707314 0.008635 -1.867441 0.112046
0.640000 1.074697 -0.010962 0.702540 0.008542 -1.800607 0.108036
0.640000 1.077541 -0.010561 0.697955 0.008435 -1.734534 0.104072
0.640000 1.080172 -0.010165 0.693553 0.008319 -1.669327 0.100160
0.640000 1.082686 -0.009761 0.689176 0.008193 -1.602708 0.096162
0.640000 1.084991 -0.009363 0.684989 0.008057 -1.537158 0.092229
0.640000 1.087095 -0.008972 0.680989 0.007914 -1.472760 0.088366
0.640000 1.089007 -0.008588 0.677171 0.007763 -1.409557 0.084573
0.640000 1.091404 -0.008058 0.672072 0.007538 -1.322280 0.079337
0.640000 1.093460 -0.007544 0.667319 0.007303 -1.237629 0.074258
0.640000 1.095197 -0.007046 0.662895 0.007061 -1.155669 0.069340
0.640000 1.096640 -0.006566 0.658793 0.006811 -1.076566 0.064594
0.640000 1.097516 -0.006227 0.656006 0.006624 -1.020907 0.061254
0.640000 1.098255 -0.005898 0.653375 0.006437 -0.966804 0.058008
0.640000 1.098866 -0.005579 0.650898 0.006246 -0.914288 0.054857
0.640000 1.099356 -0.005269 0.648567 0.006055 -0.863347 0.051801
0.640000 1.099732 -0.004969 0.646378 0.005865 -0.813972 0.048838
0.640000 1.100001 -0.004678 0.644326 0.005674 -0.766181 0.045971
0.640000 1.100170 -0.004397 0.642406 0.005485 -0.719973 0.043198
0.640000 1.100245 -0.004125 0.640615 0.005296 -0.675342 0.040521
0.640000 1.100219 -0.003802 0.638565 0.005064 -0.622237 0.037334
0.640000 1.100070 -0.003494 0.636696 0.004833 -0.571516 0.034291
0.640000 1.099810 -0.003199 0.634999 0.004604 -0.523141 0.031388
0.640000 1.099449 -0.002919 0.633464 0.004379 -0.477099 0.028626
0.640000 1.098965 -0.002635 0.631999 0.004144 -0.430629 0.025838
0.640000 1.098390 -0.002368 0.630698 0.003914 -0.386703 0.023202
0.640000 1.097734 -0.002116 0.629547 0.003694 -0.345303 0.020718
0.640000 1.097006 -0.001878 0.628541 0.003479 -0.306284 0.018377
0.640000 1.096300 -0.001676 0.627755 0.003289 -0.273234 0.016394
0.640000 1.095549 -0.001486 0.627071 0.003105 -0.242009 0.014521
0.640000 1.094760 -0.001306 0.626485 0.002924 -0.212488 0.012749
0.640000 1.093939 -0.001137 0.625991 0.002748 -0.184733 0.011084
0.640000 1.093168 -0.000992 0.625612 0.002594 -0.160966 0.009658
0.640000 1.092378 -0.000855 0.625300 0.002445 -0.138555 0.008313
0.640000 1.091573 -0.000727 0.625051 0.002299 -0.117508 0.007050
0.640000 1.090757 -0.000606 0.624858 0.002160 -0.097710 0.005863
0.640000 1.090083 -0.000512 0.624740 0.002050 -0.082408 0.004944
0.640000 1.089404 -0.000424 0.624656 0.001944 -0.067899 0.004074
0.640000 1.088723 -0.000340 0.624604 0.001840 -0.054155 0.003249
0.640000 1.088040 -0.000261 0.624583 0.001740 -0.041161 0.002470
0.640000 1.087356 -0.000186 0.624591 0.001642 -0.028902 0.001734
0.640000 1.086674 -0.000115 0.624625 0.001547 -0.017346 0.001041
0.640000 1.085993 -0.000048 0.624685 0.001455 -0.006468 0.000388
0.640000 1.085316 0.000014 0.624767 0.001366 0.003753 -0.000225
0.640000 1.084483 0.000086 0.624899 0.001260 0.015537 -0.000932
0.640000 1.083659 0.000153 0.625062 0.001159 0.026390 -0.001583
0.640000 1.082843 0.000214 0.625252 0.001063 0.036352 -0.002181
0.640000 1.082039 0.000269 0.625468 0.000971 0.045465 -0.002728
0.640000 1.080983 0.000336 0.625791 0.000855 0.056400 -0.003384
0.640000 1.079952 0.000395 0.626150 0.000746 0.065982 -0.003959
0.640000 1.078948 0.000446 0.626538 0.000645 0.074312 -0.004459
0.640000 1.077973 0.000490 0.626952 0.000550 0.081455 -0.004887
0.640000 1.077346 0.000515 0.627237 0.000491 0.085562 -0.005134
0.640000 1.076733 0.000538 0.627530 0.000435 0.089214 -0.005353
0.640000 1.076134 0.000558 0.627829 0.000382 0.092429 -0.005546
0.640000 1.075549 0.000575 0.628134 0.000332 0.095234 -0.005714
0.640000 1.074980 0.000590 0.628444 0.000284 0.097654 -0.005859
0.640000 1.074426 0.000603 0.628757 0.000240 0.099706 -0.005982
0.640000 1.073887 0.000613 0.629073 0.000197 0.101410 -0.006085
0.640000 1.073364 0.000622 0.629391 0.000157 0.102787 -0.006167
0.640000 1.072724 0.000630 0.629794 0.000110 0.104085 -0.006245
0.640000 1.072109 0.000636 0.630197 0.000066 0.104926 -0.006296
0.640000 1.071519 0.000639 0.630600 0.000026 0.105347 -0.006321
0.640000 1.070954 0.000639 0.631000 -0.000011 0.105379 -0.006323
0.640000 1.070351 0.000637 0.631442 -0.000049 0.105001 -0.006300
0.640000 1.069779 0.000632 0.631879 -0.000083 0.104219 -0.006253
0.640000 1.069236 0.000626 0.632308 -0.000113 0.103068 -0.006184
0.640000 1.068723 0.000617 0.632729 -0.000139 0.101602 -0.006096
0.640000 1.068270 0.000607 0.633113 -0.000161 0.099974 -0.005998
0.640000 1.067842 0.000596 0.633488 -0.000181 0.098132 -0.005888
0.640000 1.067437 0.000584 0.633855 -0.000199 0.096119 -0.005767
0.640000 1.067055 0.000571 0.634212 -0.000215 0.093927 -0.005636
0.640000 1.066734 0.000558 0.634522 -0.000227 0.091837 -0.005510
0.640000 1.066430 0.000545 0.634823 -0.000237 0.089643 -0.005379
0.640000 1.066143 0.000531 0.635116 -0.000246 0.087339 -0.005240
0.640000 1.065872 0.000517 0.635399 -0.000253 0.084968 -0.005098
0.640000 1.065665 0.000505 0.635622 -0.000258 0.083023 -0.004981
0.640000 1.065468 0.000493 0.635838 -0.000262 0.081044 -0.004863
0.640000 1.065281 0.000481 0.636049 -0.000265 0.079040 -0.004742
0.640000 1.065104 0.000469 0.636254 -0.000267 0.077013 -0.004621
0.640000 1.064936 0.000457 0.636453 -0.000270 0.074963 -0.004498
0.640000 1.064777 0.000444 0.636646 -0.000271 0.072900 -0.004374
0.640000 1.064626 0.000432 0.636834 -0.000272 0.070830 -0.004250
0.640000 1.064485 0.000419 0.637015 -0.000272 0.068757 -0.004125
0.640000 1.064318 0.000403 0.637234 -0.000272 0.066159 -0.003970
0.640000 1.064164 0.000388 0.637444 -0.000271 0.063570 -0.003814
0.640000 1.064022 0.000372 0.637645 -0.000268 0.060996 -0.003660
0.640000 1.063892 0.000356 0.637837 -0.000266 0.058445 -0.003507
0.640000 1.063744 0.000337 0.638064 -0.000262 0.055294 -0.003318
0.640000 1.063612 0.000319 0.638278 -0.000257 0.052202 -0.003132
0.640000 1.063494 0.000300 0.638480 -0.000251 0.049183 -0.002951
0.640000 1.063391 0.000282 0.638668 -0.000245 0.046230 -0.002774
0.640000 1.063296 0.000264 0.638854 -0.000238 0.043197 -0.002592
0.640000 1.063214 0.000246 0.639028 -0.000230 0.040236 -0.002414
0.640000 1.063146 0.000228 0.639190 -0.000224 0.037301 -0.002238
0.640000 1.063089 0.000211 0.639338 -0.000215 0.034497 -0.002070
0.640000 1.063066 0.000204 0.639403 -0.000210 0.033241 -0.001994
0.640000 1.063046 0.000196 0.639465 -0.000205 0.032006 -0.001920
0.640000 1.063027 0.000189 0.639526 -0.000201 0.030796 -0.001848
0.640000 1.063011 0.000181 0.639584 -0.000197 0.029607 -0.001776
0.640000 1.062997 0.000174 0.639640 -0.000193 0.028437 -0.001706
0.640000 1.062985 0.000167 0.639693 -0.000189 0.027290 -0.001637
0.640000 1.062975 0.000160 0.639744 -0.000185 0.026169 -0.001570
0.640000 1.062966 0.000154 0.639793 -0.000181 0.025073 -0.001504
0.640000 1.062957 0.000144 0.639860 -0.000174 0.023511 -0.001411
0.640000 1.062951 0.000135 0.639923 -0.000168 0.022003 -0.001320
0.640000 1.062949 0.000126 0.639982 -0.000162 0.020549 -0.001233
0.640000 1.062949 0.000118 0.640036 -0.000156 0.019149 -0.001149
0.640000 1.062953 0.000108 0.640092 -0.000149 0.017627 -0.001058
0.640000 1.062960 0.000100 0.640144 -0.000142 0.016174 -0.000970
0.640000 1.062970 0.000091 0.640190 -0.000136 0.014789 -0.000887
0.640000 1.062983 0.000083 0.640233 -0.000129 0.013471 -0.000808
