0.260000 0.000000 0.000000 0.260000 0.000000 -7.204600 0.432276
0.260000 -0.000000 0.000000 0.259950 0.000050 -7.203573 0.432214
0.260000 -0.000000 0.000000 0.259900 0.000100 -7.202546 0.432153
0.260000 -0.000000 0.000000 0.259849 0.000149 -7.201519 0.432091
0.260000 -0.000000 0.000000 0.259799 0.000199 -7.200492 0.432030
0.260000 -0.000000 0.000000 0.259548 0.000448 -7.195359 0.431722
0.260000 -0.000000 0.000000 0.259297 0.000697 -7.190226 0.431414
0.260000 -0.000000 0.000000 0.259047 0.000945 -7.185095 0.431106
0.260000 -0.000000 0.000000 0.258796 0.001193 -7.179965 0.430798
0.260000 -0.000000 0.000000 0.257547 0.002432 -7.154334 0.429260
0.260000 -0.000001 0.000001 0.256302 0.003666 -7.128732 0.427724
0.260000 -0.000001 0.000001 0.255061 0.004896 -7.103161 0.426190
0.260000 -0.000002 0.000002 0.253825 0.006121 -7.077620 0.424657
0.260000 -0.000008 0.000008 0.247711 0.012183 -6.950366 0.417022
0.260000 -0.000019 0.000019 0.241706 0.018135 -6.823867 0.409432
0.260000 -0.000033 0.000033 0.235810 0.023981 -6.698122 0.401887
0.260000 -0.000052 0.000052 0.230020 0.029721 -6.573133 0.394388
0.260000 -0.000202 0.000201 0.202637 0.056871 -5.959523 0.357571
0.260000 -0.000442 0.000439 0.177753 0.081550 -5.364805 0.321888
0.260000 -0.000764 0.000757 0.155230 0.103897 -4.788946 0.287337
0.260000 -0.001158 0.001148 0.134933 0.124048 -4.231875 0.253913
0.260000 -0.002045 0.002028 0.103144 0.155653 -3.261191 0.195671
0.260000 -0.003112 0.003087 0.077636 0.181085 -2.352022 0.141121
0.260000 -0.004320 0.004288 0.057729 0.201032 -1.503052 0.090183
0.260000 -0.005638 0.005598 0.042790 0.216124 -0.712758 0.042765
0.260000 -0.007598 0.007551 0.029177 0.230145 0.293325 -0.017600
0.260000 -0.009646 0.009595 0.022678 0.237273 1.194818 -0.071689
0.260000 -0.011725 0.011677 0.022052 0.238743 1.997944 -0.119877
0.260000 -0.013789 0.013752 0.026199 0.235649 2.708924 -0.162535
0.260000 -0.016259 0.016251 0.036493 0.226930 3.470032 -0.208202
0.260000 -0.018595 0.018634 0.051113 0.214165 4.112890 -0.246773
0.260000 -0.020758 0.020865 0.068808 0.198578 4.649799 -0.278988
0.260000 -0.022719 0.022917 0.088526 0.181199 5.091830 -0.305510
0.260000 -0.024711 0.025049 0.112786 0.159906 5.499056 -0.329943
0.260000 -0.026396 0.026913 0.137662 0.138231 5.808773 -0.348526
0.260000 -0.027772 0.028509 0.162428 0.116864 6.035179 -0.362111
0.260000 -0.028844 0.029844 0.186497 0.096355 6.190411 -0.371425
0.260000 -0.029630 0.030945 0.209891 0.076726 6.286627 -0.377198
0.260000 -0.030126 0.031806 0.231903 0.058581 6.330852 -0.379851
0.260000 -0.030353 0.032447 0.252390 0.042035 6.332320 -0.379939
0.260000 -0.030329 0.032888 0.271247 0.027166 6.298943 -0.377937
0.260000 -0.030095 0.033138 0.287492 0.014704 6.241755 -0.374505
0.260000 -0.029673 0.033247 0.302307 0.003679 6.164753 -0.369885
0.260000 -0.029083 0.033232 0.315753 -0.005983 6.072219 -0.364333
0.260000 -0.028338 0.033109 0.327889 -0.014357 5.967841 -0.358070
0.260000 -0.027516 0.032908 0.338120 -0.021096 5.862288 -0.351737
0.260000 -0.026585 0.032638 0.347358 -0.026875 5.751201 -0.345072
0.260000 -0.025555 0.032307 0.355683 -0.031782 5.636343 -0.338181
0.260000 -0.024436 0.031926 0.363172 -0.035896 5.519214 -0.331153
0.260000 -0.022945 0.031398 0.371375 -0.039999 5.373283 -0.322397
0.260000 -0.021348 0.030819 0.378564 -0.043169 5.227459 -0.313648
0.260000 -0.019657 0.030203 0.384877 -0.045545 5.083012 -0.304981
0.260000 -0.017884 0.029558 0.390429 -0.047249 4.940967 -0.296458
0.260000 -0.015563 0.028724 0.396468 -0.048596 4.767677 -0.286061
0.260000 -0.013145 0.027873 0.401680 -0.049259 4.599839 -0.275990
0.260000 -0.010641 0.027014 0.406234 -0.049405 4.437646 -0.266259
0.260000 -0.008064 0.026157 0.410257 -0.049162 4.281299 -0.256878
0.260000 -0.004140 0.024907 0.415456 -0.048316 4.061296 -0.243678
0.260000 -0.000091 0.023683 0.420005 -0.047118 3.852336 -0.231140
0.260000 0.004071 0.022489 0.424090 -0.045740 3.652601 -0.219156
0.260000 0.008333 0.021332 0.427834 -0.044301 3.461683 -0.207701
0.260000 0.012477 0.020266 0.431166 -0.042949 3.287595 -0.197256
0.260000 0.016701 0.019233 0.434306 -0.041640 3.119556 -0.187173
0.260000 0.021000 0.018229 0.437265 -0.040381 2.956823 -0.177409
0.260000 0.025369 0.017256 0.440067 -0.039187 2.798981 -0.167939
0.260000 0.029948 0.016282 0.442809 -0.038031 2.640838 -0.158450
0.260000 0.034594 0.015336 0.445385 -0.036932 2.487125 -0.149227
0.260000 0.039304 0.014418 0.447789 -0.035878 2.337611 -0.140257
0.260000 0.044071 0.013525 0.450025 -0.034868 2.192116 -0.131527
0.260000 0.050055 0.012453 0.452568 -0.033670 2.017153 -0.121029
0.260000 0.056114 0.011418 0.454849 -0.032514 1.848008 -0.110880
0.260000 0.062240 0.010419 0.456867 -0.031389 1.684594 -0.101076
0.260000 0.068426 0.009454 0.458632 -0.030294 1.526753 -0.091605
0.260000 0.077553 0.008106 0.460766 -0.028739 1.305851 -0.078351
0.260000 0.086766 0.006827 0.462394 -0.027232 1.096409 -0.065785
0.260000 0.096041 0.005616 0.463544 -0.025772 0.898233 -0.053894
0.260000 0.105358 0.004472 0.464242 -0.024356 0.710838 -0.042650
0.260000 0.116217 0.003221 0.464514 -0.022759 0.506056 -0.030363
0.260000 0.127076 0.002053 0.464252 -0.021220 0.314952 -0.018897
0.260000 0.137907 0.000965 0.463501 -0.019746 0.136942 -0.008217
0.260000 0.148686 -0.000046 0.462293 -0.018327 -0.028403 0.001704
0.260000 0.162654 -0.001255 0.460093 -0.016567 -0.226238 0.013574
0.260000 0.176447 -0.002346 0.457247 -0.014896 -0.404424 0.024265
0.260000 0.190023 -0.003324 0.453809 -0.013294 -0.563939 0.033836
0.260000 0.203343 -0.004196 0.449883 -0.011797 -0.705991 0.042359
0.260000 0.211249 -0.004672 0.447312 -0.010951 -0.783841 0.047030
0.260000 0.219044 -0.005114 0.444593 -0.010135 -0.855954 0.051357
0.260000 0.226722 -0.005523 0.441743 -0.009352 -0.922540 0.055352
0.260000 0.234278 -0.005899 0.438771 -0.008597 -0.983807 0.059028
0.260000 0.241707 -0.006243 0.435685 -0.007869 -1.039954 0.062397
0.260000 0.249005 -0.006559 0.432501 -0.007171 -1.091193 0.065472
0.260000 0.256167 -0.006845 0.429231 -0.006501 -1.137739 0.068264
0.260000 0.263191 -0.007104 0.425884 -0.005860 -1.179783 0.070787
0.260000 0.273282 -0.007438 0.420833 -0.004968 -1.233953 0.074037
0.260000 0.283058 -0.007719 0.415666 -0.004134 -1.279382 0.076763
0.260000 0.292512 -0.007950 0.410409 -0.003356 -1.316642 0.078998
0.260000 0.301638 -0.008135 0.405089 -0.002632 -1.346315 0.080779
0.260000 0.309129 -0.008258 0.400540 -0.002060 -1.365967 0.081958
0.260000 0.316381 -0.008351 0.395975 -0.001523 -1.380856 0.082851
0.260000 0.323393 -0.008418 0.391407 -0.001022 -1.391295 0.083478
0.260000 0.330166 -0.008459 0.386847 -0.000555 -1.397573 0.083854
0.260000 0.336700 -0.008477 0.382305 -0.000119 -1.399969 0.083998
0.260000 0.342996 -0.008472 0.377791 0.000285 -1.398764 0.083926
0.260000 0.349057 -0.008447 0.373313 0.000660 -1.394221 0.083653
0.260000 0.354884 -0.008403 0.368882 0.001007 -1.386590 0.083195
0.260000 0.360218 -0.008345 0.364712 0.001310 -1.376674 0.082600
0.260000 0.365346 -0.008273 0.360596 0.001590 -1.364379 0.081863
0.260000 0.370269 -0.008187 0.356539 0.001847 -1.349894 0.080994
0.260000 0.374991 -0.008089 0.352547 0.002082 -1.333403 0.080004
0.260000 0.380925 -0.007942 0.347382 0.002361 -1.308847 0.078531
0.260000 0.386522 -0.007778 0.342346 0.002606 -1.281480 0.076889
0.260000 0.391792 -0.007599 0.337447 0.002819 -1.251667 0.075100
0.260000 0.396743 -0.007407 0.332691 0.003002 -1.219730 0.073184
0.260000 0.403224 -0.007116 0.326219 0.003211 -1.171609 0.070297
0.260000 0.409116 -0.006808 0.320052 0.003373 -1.120605 0.067236
0.260000 0.414446 -0.006488 0.314196 0.003494 -1.067326 0.064040
0.260000 0.419245 -0.006158 0.308670 0.003568 -1.012713 0.060763
0.260000 0.421031 -0.006023 0.306543 0.003585 -0.990591 0.059435
0.260000 0.422737 -0.005889 0.304467 0.003597 -0.968363 0.058102
0.260000 0.424367 -0.005754 0.302443 0.003605 -0.946073 0.056764
0.260000 0.425922 -0.005618 0.300470 0.003609 -0.923739 0.055424
0.260000 0.427403 -0.005483 0.298548 0.003608 -0.901384 0.054083
0.260000 0.428814 -0.005348 0.296677 0.003603 -0.879051 0.052743
0.260000 0.430155 -0.005213 0.294857 0.003594 -0.856770 0.051406
0.260000 0.431429 -0.005078 0.293089 0.003580 -0.834565 0.050074
0.260000 0.433218 -0.004878 0.290531 0.003552 -0.801458 0.048087
0.260000 0.434867 -0.004679 0.288084 0.003517 -0.768654 0.046119
0.260000 0.436380 -0.004482 0.285747 0.003474 -0.736219 0.044173
0.260000 0.437766 -0.004288 0.283519 0.003425 -0.704221 0.042253
0.260000 0.439310 -0.004052 0.280910 0.003357 -0.665352 0.039921
0.260000 0.440678 -0.003821 0.278459 0.003280 -0.627329 0.037640
0.260000 0.441881 -0.003596 0.276162 0.003196 -0.590238 0.035414
0.260000 0.442929 -0.003377 0.274014 0.003106 -0.554148 0.033249
0.260000 0.443653 -0.003209 0.272422 0.003032 -0.526455 0.031587
0.260000 0.444292 -0.003044 0.270917 0.002956 -0.499441 0.029966
0.260000 0.444851 -0.002885 0.269495 0.002879 -0.473130 0.028388
0.260000 0.445334 -0.002729 0.268155 0.002800 -0.447534 0.026852
0.260000 0.445746 -0.002578 0.266895 0.002718 -0.422673 0.025360
0.260000 0.446091 -0.002431 0.265711 0.002636 -0.398556 0.023913
0.260000 0.446373 -0.002289 0.264602 0.002551 -0.375184 0.022511
0.260000 0.446597 -0.002152 0.263564 0.002467 -0.352574 0.021154
0.260000 0.446777 -0.002007 0.262512 0.002375 -0.328828 0.019730
0.260000 0.446898 -0.001868 0.261537 0.002283 -0.305987 0.018359
0.260000 0.446962 -0.001735 0.260637 0.002192 -0.284062 0.017044
0.260000 0.446975 -0.001607 0.259808 0.002102 -0.263027 0.015782
0.260000 0.446934 -0.001471 0.258966 0.002002 -0.240662 0.014440
0.260000 0.446840 -0.001341 0.258204 0.001903 -0.219376 0.013163
0.260000 0.446697 -0.001218 0.257517 0.001806 -0.199121 0.011947
0.260000 0.446511 -0.001101 0.256903 0.001710 -0.179935 0.010796
0.260000 0.446358 -0.001023 0.256513 0.001644 -0.167109 0.010027
0.260000 0.446187 -0.000948 0.256154 0.001579 -0.154784 0.009287
0.260000 0.446000 -0.000876 0.255826 0.001515 -0.142959 0.008578
0.260000 0.445798 -0.000807 0.255528 0.001452 -0.131616 0.007897
0.260000 0.445583 -0.000740 0.255256 0.001391 -0.120738 0.007244
0.260000 0.445356 -0.000677 0.255012 0.001331 -0.110326 0.006620
0.260000 0.445119 -0.000616 0.254793 0.001273 -0.100369 0.006022
0.260000 0.444871 -0.000558 0.254598 0.001215 -0.090859 0.005452
0.260000 0.444562 -0.000492 0.254394 0.001148 -0.079982 0.004799
0.260000 0.444242 -0.000429 0.254221 0.001082 -0.069720 0.004183
0.260000 0.443914 -0.000370 0.254078 0.001019 -0.060052 0.003603
0.260000 0.443578 -0.000315 0.253963 0.000957 -0.050962 0.003058
0.260000 0.443179 -0.000255 0.253861 0.000888 -0.041082 0.002465
0.260000 0.442776 -0.000199 0.253791 0.000822 -0.031929 0.001916
0.260000 0.442368 -0.000147 0.253750 0.000759 -0.023480 0.001409
0.260000 0.441959 -0.000100 0.253737 0.000698 -0.015693 0.000942
0.260000 0.441536 -0.000054 0.253749 0.000639 -0.008306 0.000498
0.260000 0.441114 -0.000013 0.253786 0.000582 -0.001559 0.000094
0.260000 0.440695 0.000024 0.253844 0.000528 0.004597 -0.000276
0.260000 0.440281 0.000058 0.253922 0.000477 0.010161 -0.000610
0.260000 0.439956 0.000083 0.253996 0.000438 0.014181 -0.000851
0.260000 0.439635 0.000106 0.254080 0.000401 0.017866 -0.001072
0.260000 0.439319 0.000126 0.254174 0.000365 0.021217 -0.001273
0.260000 0.439008 0.000145 0.254276 0.000331 0.024268 -0.001456
0.260000 0.438702 0.000162 0.254384 0.000300 0.027042 -0.001623
0.260000 0.438403 0.000177 0.254499 0.000269 0.029542 -0.001772
0.260000 0.438110 0.000191 0.254619 0.000241 0.031786 -0.001907
0.260000 0.437823 0.000203 0.254745 0.000214 0.033783 -0.002027
0.260000 0.437562 0.000214 0.254866 0.000190 0.035429 -0.002126
0.260000 0.437307 0.000222 0.254991 0.000167 0.036881 -0.002213
0.260000 0.437058 0.000230 0.255118 0.000145 0.038149 -0.002289
0.260000 0.436816 0.000237 0.255248 0.000124 0.039242 -0.002354
0.260000 0.436578 0.000243 0.255380 0.000104 0.040179 -0.002411
0.260000 0.436346 0.000248 0.255514 0.000086 0.040959 -0.002458
0.260000 0.436122 0.000252 0.255648 0.000069 0.041588 -0.002495
0.260000 0.435904 0.000255 0.255783 0.000053 0.042079 -0.002525
0.260000 0.435660 0.000257 0.255941 0.000035 0.042485 -0.002549
0.260000 0.435426 0.000259 0.256098 0.000019 0.042727 -0.002564
0.260000 0.435200 0.000260 0.256254 0.000004 0.042821 -0.002569
0.260000 0.434984 0.000259 0.256410 -0.000010 0.042774 -0.002566
0.260000 0.434727 0.000258 0.256601 -0.000026 0.042544 -0.002553
0.260000 0.434484 0.000256 0.256790 -0.000040 0.042130 -0.002528
0.260000 0.434255 0.000252 0.256975 -0.000053 0.041539 -0.002492
0.260000 0.434039 0.000248 0.257156 -0.000063 0.040815 -0.002449
0.260000 0.433914 0.000245 0.257264 -0.000069 0.040321 -0.002419
0.260000 0.433794 0.000242 0.257370 -0.000075 0.039784 -0.002387
0.260000 0.433678 0.000238 0.257475 -0.000079 0.039211 -0.002353
0.260000 0.433567 0.000235 0.257577 -0.000084 0.038602 -0.002316
0.260000 0.433460 0.000231 0.257678 -0.000088 0.037957 -0.002277
0.260000 0.433358 0.000227 0.257777 -0.000092 0.037283 -0.002237
0.260000 0.433260 0.000222 0.257873 -0.000095 0.036584 -0.002195
0.260000 0.433167 0.000218 0.257968 -0.000098 0.035862 -0.002152
0.260000 0.433042 0.000212 0.258097 -0.000102 0.034812 -0.002089
0.260000 0.432926 0.000205 0.258222 -0.000105 0.033729 -0.002024
0.260000 0.432817 0.000199 0.258342 -0.000107 0.032618 -0.001957
0.260000 0.432716 0.000192 0.258458 -0.000108 0.031489 -0.001889
0.260000 0.432598 0.000183 0.258597 -0.000110 0.030035 -0.001802
0.260000 0.432492 0.000174 0.258730 -0.000110 0.028576 -0.001715
0.260000 0.432395 0.000165 0.258855 -0.000110 0.027136 -0.001628
0.260000 0.432308 0.000157 0.258974 -0.000110 0.025692 -0.001542
0.260000 0.432234 0.000148 0.259079 -0.000108 0.024376 -0.001463
0.260000 0.432167 0.000140 0.259179 -0.000107 0.023035 -0.001382
0.260000 0.432109 0.000132 0.259276 -0.000108 0.021583 -0.001295
0.260000 0.432057 0.000124 0.259363 -0.000105 0.020204 -0.001212
0.260000 0.432036 0.000120 0.259398 -0.000102 0.019667 -0.001180
0.260000 0.432016 0.000117 0.259433 -0.000100 0.019130 -0.001148
0.260000 0.431998 0.000114 0.259467 -0.000098 0.018598 -0.001116
0.260000 0.431980 0.000110 0.259501 -0.000097 0.018066 -0.001084
0.260000 0.431964 0.000107 0.259534 -0.000096 0.017533 -0.001052
0.260000 0.431949 0.000104 0.259565 -0.000095 0.017005 -0.001020
0.260000 0.431935 0.000101 0.259596 -0.000094 0.016483 -0.000989
0.260000 0.431922 0.000098 0.259625 -0.000092 0.015968 -0.000958
0.260000 0.431905 0.000093 0.259666 -0.000090 0.015244 -0.000915
0.260000 0.431890 0.000089 0.259704 -0.000088 0.014536 -0.000872
0.260000 0.431876 0.000085 0.259741 -0.000086 0.013845 -0.000831
0.260000 0.431865 0.000081 0.259775 -0.000084 0.013171 -0.000790
0.260000 0.431852 0.000075 0.259818 -0.000081 0.012311 -0.000739
0.260000 0.431842 0.000070 0.259857 -0.000078 0.011481 -0.000689
0.260000 0.431834 0.000065 0.259894 -0.000075 0.010680 -0.000641
0.260000 0.431828 0.000061 0.259928 -0.000072 0.009911 -0.000595
0.260000 0.431824 0.000056 0.259963 -0.000068 0.009063 -0.000544
0.260000 0.431823 0.000051 0.259995 -0.000065 0.008259 -0.000496
0.260000 0.431824 0.000046 0.260025 -0.000062 0.007510 -0.000451
0.260000 0.431826 0.000042 0.260051 -0.000059 0.006794 -0.000408
0.260000 0.431828 0.000040 0.260063 -0.000058 0.006458 -0.000387
0.260000 0.431831 0.000038 0.260074 -0.000056 0.006133 -0.000368
0.260000 0.431833 0.000036 0.260084 -0.000054 0.005817 -0.000349
0.260000 0.431836 0.000034 0.260093 -0.000053 0.005511 -0.000331
