0.920000 0.000000 0.000000 0.920000 0.000000 -25.493200 1.529592
0.920000 -0.000000 0.000000 0.919950 0.000050 -25.492173 1.529530
0.920000 -0.000000 0.000000 0.919900 0.000100 -25.491146 1.529469
0.920000 -0.000000 0.000000 0.919849 0.000149 -25.490119 1.529407
0.920000 -0.000000 0.000000 0.919799 0.000199 -25.489092 1.529346
0.920000 -0.000000 0.000000 0.919548 0.000448 -25.483957 1.529037
0.920000 -0.000000 0.000000 0.919297 0.000697 -25.478823 1.528729
0.920000 -0.000000 0.000000 0.919046 0.000946 -25.473689 1.528421
0.920000 -0.000000 0.000000 0.918795 0.001195 -25.468555 1.528113
0.920000 -0.000000 0.000000 0.917541 0.002438 -25.442892 1.526574
0.920000 -0.000000 0.000000 0.916288 0.003680 -25.417238 1.525034
0.920000 -0.000000 0.000000 0.915036 0.004921 -25.391591 1.523495
0.920000 -0.000001 0.000001 0.913786 0.006160 -25.365954 1.521957
0.920000 -0.000002 0.000002 0.907553 0.012339 -25.237893 1.514274
0.920000 -0.000005 0.000005 0.901352 0.018487 -25.110046 1.506603
0.920000 -0.000010 0.000010 0.895182 0.024603 -24.982412 1.498945
0.920000 -0.000015 0.000015 0.889044 0.030689 -24.854990 1.491299
0.920000 -0.000060 0.000059 0.858815 0.060656 -24.221081 1.453265
0.920000 -0.000133 0.000132 0.829353 0.089864 -23.592503 1.415550
0.920000 -0.000235 0.000233 0.800645 0.118326 -22.969262 1.378156
0.920000 -0.000364 0.000361 0.772679 0.146052 -22.351361 1.341082
0.920000 -0.001366 0.001355 0.646399 0.271276 -19.410892 1.164653
0.920000 -0.002927 0.002902 0.536241 0.380571 -16.598073 0.995884
0.920000 -0.004973 0.004932 0.440989 0.475166 -13.912929 0.834776
0.920000 -0.007437 0.007376 0.359505 0.556210 -11.355342 0.681321
0.920000 -0.011787 0.011694 0.260631 0.654844 -7.751555 0.465093
0.920000 -0.016747 0.016623 0.187060 0.728694 -4.430540 0.265832
0.920000 -0.022152 0.022000 0.135637 0.780922 -1.384990 0.083099
0.920000 -0.027852 0.027680 0.103385 0.814508 1.395433 -0.083726
0.920000 -0.035753 0.035573 0.085353 0.835154 4.737352 -0.284241
0.920000 -0.043711 0.043552 0.090833 0.833201 7.664783 -0.459887
0.920000 -0.051533 0.051433 0.114512 0.813919 10.220092 -0.613205
0.920000 -0.059061 0.059065 0.151785 0.781867 12.443182 -0.746591
0.920000 -0.067289 0.067483 0.207160 0.733529 14.660688 -0.879641
0.920000 -0.074853 0.075320 0.271194 0.677478 16.536027 -0.992162
0.920000 -0.081682 0.082517 0.340410 0.617091 18.115370 -1.086922
0.920000 -0.087726 0.089030 0.412215 0.554873 19.433552 -1.166013
0.920000 -0.093715 0.095700 0.496242 0.482786 20.671151 -1.240269
0.920000 -0.098628 0.101454 0.579391 0.412333 21.636647 -1.298199
0.920000 -0.102490 0.106324 0.660381 0.344664 22.362465 -1.341748
0.920000 -0.105329 0.110345 0.738317 0.280558 22.874503 -1.372470
0.920000 -0.107415 0.114060 0.825624 0.210086 23.234107 -1.394046
0.920000 -0.108217 0.116750 0.907408 0.145523 23.363401 -1.401804
0.920000 -0.107827 0.118512 0.983395 0.086992 23.295363 -1.397722
0.920000 -0.106329 0.119431 1.053354 0.034592 23.059762 -1.383586
0.920000 -0.103970 0.119605 1.113859 -0.009317 22.708060 -1.362484
0.920000 -0.100782 0.119186 1.168973 -0.047932 22.255062 -1.335304
0.920000 -0.096843 0.118252 1.218819 -0.081452 21.722335 -1.303340
0.920000 -0.092226 0.116873 1.263506 -0.110047 21.129540 -1.267772
0.920000 -0.087259 0.115205 1.301429 -0.132900 20.525289 -1.231517
0.920000 -0.081803 0.113252 1.335075 -0.151771 19.896875 -1.193813
0.920000 -0.075916 0.111067 1.364718 -0.166960 19.256456 -1.155387
0.920000 -0.069649 0.108699 1.390623 -0.178754 18.614401 -1.116864
0.920000 -0.061936 0.105765 1.416455 -0.188607 17.876223 -1.072573
0.920000 -0.053845 0.102705 1.438185 -0.194855 17.157783 -1.029467
0.920000 -0.045439 0.099571 1.456380 -0.198072 16.466341 -0.987980
0.920000 -0.036767 0.096407 1.471542 -0.198757 15.806864 -0.948412
0.920000 -0.026694 0.092836 1.485649 -0.197086 15.102917 -0.906175
0.920000 -0.016389 0.089313 1.497234 -0.193513 14.443361 -0.866602
0.920000 -0.005892 0.085866 1.506924 -0.188642 13.826162 -0.829570
0.920000 0.004765 0.082515 1.515217 -0.182953 13.248834 -0.794930
0.920000 0.020727 0.077781 1.525822 -0.173950 12.464062 -0.747844
0.920000 0.036958 0.073284 1.535274 -0.164929 11.742172 -0.704530
0.920000 0.053448 0.069004 1.544127 -0.156370 11.067225 -0.664034
0.920000 0.070172 0.064939 1.552790 -0.148638 10.431789 -0.625907
0.920000 0.084174 0.061733 1.559977 -0.142998 9.931619 -0.595897
0.920000 0.098335 0.058644 1.567123 -0.137952 9.448195 -0.566892
0.920000 0.112654 0.055658 1.574163 -0.133411 8.978640 -0.538718
0.920000 0.127127 0.052766 1.581073 -0.129336 8.521005 -0.511260
0.920000 0.142780 0.049768 1.588286 -0.125429 8.042862 -0.482572
0.920000 0.158600 0.046857 1.595195 -0.121858 7.575825 -0.454549
0.920000 0.174578 0.044026 1.601724 -0.118531 7.119466 -0.427168
0.920000 0.190706 0.041272 1.607840 -0.115396 6.673328 -0.400400
0.920000 0.212592 0.037683 1.615351 -0.111405 6.089388 -0.365363
0.920000 0.234702 0.034218 1.621992 -0.107573 5.523970 -0.331438
0.920000 0.257006 0.030875 1.627744 -0.103849 4.977591 -0.298655
0.920000 0.279478 0.027648 1.632614 -0.100203 4.449716 -0.266983
0.920000 0.307502 0.023807 1.637425 -0.095745 3.821011 -0.229261
0.920000 0.335690 0.020139 1.640970 -0.091380 3.220646 -0.193239
0.920000 0.363990 0.016643 1.643343 -0.087141 2.648326 -0.158900
0.920000 0.392360 0.013312 1.644573 -0.082993 2.103155 -0.126189
0.920000 0.420921 0.010123 1.644690 -0.078885 1.581467 -0.094888
0.920000 0.449466 0.007093 1.643785 -0.074887 1.086024 -0.065161
0.920000 0.477956 0.004219 1.641924 -0.071006 0.616032 -0.036962
0.920000 0.506355 0.001495 1.639157 -0.067236 0.170771 -0.010246
0.920000 0.548549 -0.002305 1.633425 -0.061785 -0.450349 0.027021
0.920000 0.590353 -0.005792 1.625971 -0.056590 -1.020043 0.061203
0.920000 0.631669 -0.008976 1.616980 -0.051672 -1.540316 0.092419
0.920000 0.672411 -0.011878 1.606575 -0.046995 -2.014310 0.120859
0.920000 0.711062 -0.014421 1.595308 -0.042670 -2.429529 0.145772
0.920000 0.749043 -0.016725 1.582990 -0.038561 -2.805552 0.168333
0.920000 0.786298 -0.018803 1.569753 -0.034679 -3.144674 0.188680
0.920000 0.822777 -0.020665 1.555679 -0.030991 -3.448408 0.206904
0.920000 0.865391 -0.022628 1.537890 -0.026845 -3.768449 0.226107
0.920000 0.906764 -0.024317 1.519214 -0.022956 -4.043322 0.242599
0.920000 0.946844 -0.025752 1.499760 -0.019270 -4.275388 0.256523
0.920000 0.985583 -0.026947 1.479780 -0.015880 -4.468618 0.268117
0.920000 1.005848 -0.027497 1.468888 -0.014197 -4.557856 0.273471
0.920000 1.025712 -0.027986 1.457879 -0.012573 -4.637078 0.278225
0.920000 1.045173 -0.028417 1.446781 -0.011014 -4.706693 0.282402
0.920000 1.064225 -0.028792 1.435608 -0.009516 -4.767064 0.286024
0.920000 1.082869 -0.029113 1.424376 -0.008076 -4.818554 0.289113
0.920000 1.101101 -0.029383 1.413108 -0.006699 -4.861586 0.291695
0.920000 1.118921 -0.029604 1.401820 -0.005383 -4.896558 0.293794
0.920000 1.136328 -0.029777 1.390526 -0.004129 -4.923829 0.295430
0.920000 1.160911 -0.029951 1.374119 -0.002411 -4.950477 0.297029
0.920000 1.184623 -0.030036 1.357770 -0.000812 -4.962689 0.297761
0.920000 1.207468 -0.030039 1.341513 0.000673 -4.961502 0.297690
0.920000 1.229453 -0.029966 1.325385 0.002048 -4.947886 0.296873
0.920000 1.249534 -0.029832 1.310224 0.003252 -4.924319 0.295459
0.920000 1.268854 -0.029640 1.295231 0.004366 -4.891190 0.293471
0.920000 1.287423 -0.029393 1.280429 0.005391 -4.849230 0.290954
0.920000 1.305249 -0.029097 1.265839 0.006333 -4.799164 0.287950
0.920000 1.329206 -0.028601 1.245608 0.007529 -4.715859 0.282952
0.920000 1.351736 -0.028026 1.225883 0.008575 -4.619525 0.277171
0.920000 1.372879 -0.027380 1.206702 0.009481 -4.511879 0.270713
0.920000 1.392673 -0.026675 1.188098 0.010256 -4.394475 0.263669
0.920000 1.416326 -0.025691 1.164962 0.011074 -4.231101 0.253866
0.920000 1.437893 -0.024639 1.142869 0.011718 -4.056484 0.243389
0.920000 1.457472 -0.023533 1.121845 0.012212 -3.872728 0.232364
0.920000 1.475164 -0.022390 1.101955 0.012531 -3.683428 0.221006
0.920000 1.481825 -0.021920 1.094217 0.012613 -3.605825 0.216349
0.920000 1.488200 -0.021447 1.086655 0.012682 -3.527689 0.211661
0.920000 1.494296 -0.020972 1.079276 0.012733 -3.449189 0.206951
0.920000 1.500119 -0.020495 1.072078 0.012767 -3.370397 0.202224
0.920000 1.505676 -0.020017 1.065060 0.012787 -3.291396 0.197484
0.920000 1.510973 -0.019538 1.058225 0.012788 -3.212350 0.192741
0.920000 1.516019 -0.019060 1.051572 0.012774 -3.133371 0.188002
0.920000 1.520819 -0.018583 1.045099 0.012744 -3.054555 0.183273
0.920000 1.527521 -0.017875 1.035804 0.012670 -2.937814 0.176269
0.920000 1.533716 -0.017173 1.026900 0.012568 -2.821915 0.169315
0.920000 1.539426 -0.016477 1.018382 0.012439 -2.707091 0.162425
0.920000 1.544673 -0.015789 1.010246 0.012285 -2.593608 0.155616
0.920000 1.549854 -0.015055 1.001858 0.012095 -2.472544 0.148353
0.920000 1.554543 -0.014333 0.993900 0.011882 -2.353524 0.141211
0.920000 1.558765 -0.013624 0.986364 0.011644 -2.236774 0.134206
0.920000 1.562546 -0.012930 0.979235 0.011390 -2.122475 0.127349
0.920000 1.565909 -0.012252 0.972503 0.011121 -2.010778 0.120647
0.920000 1.568878 -0.011590 0.966156 0.010839 -1.901834 0.114110
0.920000 1.571476 -0.010946 0.960181 0.010550 -1.795765 0.107746
0.920000 1.573726 -0.010320 0.954570 0.010249 -1.692668 0.101560
0.920000 1.575818 -0.009654 0.948818 0.009911 -1.583146 0.094989
0.920000 1.577544 -0.009012 0.943476 0.009563 -1.477377 0.088643
0.920000 1.578929 -0.008391 0.938532 0.009201 -1.375379 0.082523
0.920000 1.580000 -0.007795 0.933962 0.008837 -1.277318 0.076639
0.920000 1.580705 -0.007287 0.930215 0.008518 -1.193851 0.071631
0.920000 1.581198 -0.006798 0.926735 0.008200 -1.113471 0.066808
0.920000 1.581497 -0.006328 0.923509 0.007889 -1.036278 0.062177
0.920000 1.581614 -0.005877 0.920529 0.007579 -0.962084 0.057725
0.920000 1.581579 -0.005497 0.918122 0.007304 -0.899598 0.053976
0.920000 1.581425 -0.005131 0.915889 0.007032 -0.839421 0.050365
0.920000 1.581162 -0.004778 0.913824 0.006761 -0.781465 0.046888
0.920000 1.580796 -0.004439 0.911919 0.006493 -0.725792 0.043548
0.920000 1.580280 -0.004077 0.909973 0.006201 -0.666414 0.039985
0.920000 1.579658 -0.003732 0.908209 0.005914 -0.609765 0.036586
0.920000 1.578940 -0.003404 0.906620 0.005629 -0.555849 0.033351
0.920000 1.578136 -0.003091 0.905192 0.005352 -0.504537 0.030272
0.920000 1.577366 -0.002829 0.904063 0.005116 -0.461541 0.027692
0.920000 1.576543 -0.002579 0.903048 0.004884 -0.420477 0.025229
0.920000 1.575672 -0.002340 0.902139 0.004659 -0.381292 0.022878
0.920000 1.574758 -0.002112 0.901334 0.004438 -0.343959 0.020638
0.920000 1.573806 -0.001896 0.900627 0.004221 -0.308450 0.018507
0.920000 1.572821 -0.001690 0.900012 0.004010 -0.274704 0.016482
0.920000 1.571807 -0.001495 0.899485 0.003803 -0.242672 0.014560
0.920000 1.570769 -0.001309 0.899040 0.003602 -0.212310 0.012739
0.920000 1.569595 -0.001116 0.898637 0.003388 -0.180551 0.010833
0.920000 1.568402 -0.000933 0.898322 0.003180 -0.150718 0.009043
0.920000 1.567193 -0.000763 0.898090 0.002980 -0.122753 0.007365
0.920000 1.565974 -0.000603 0.897935 0.002788 -0.096578 0.005795
0.920000 1.564588 -0.000435 0.897847 0.002578 -0.069077 0.004145
0.920000 1.563199 -0.000280 0.897843 0.002377 -0.043685 0.002621
0.920000 1.561813 -0.000137 0.897917 0.002185 -0.020293 0.001218
0.920000 1.560433 -0.000006 0.898062 0.002001 0.001159 -0.000070
0.920000 1.558953 0.000124 0.898289 0.001813 0.022306 -0.001338
0.920000 1.557492 0.000240 0.898583 0.001635 0.041395 -0.002484
0.920000 1.556052 0.000345 0.898939 0.001465 0.058482 -0.003509
0.920000 1.554638 0.000439 0.899345 0.001306 0.073772 -0.004426
0.920000 1.553824 0.000489 0.899603 0.001219 0.081954 -0.004917
0.920000 1.553021 0.000536 0.899876 0.001134 0.089567 -0.005374
0.920000 1.552230 0.000579 0.900163 0.001052 0.096637 -0.005798
0.920000 1.551449 0.000619 0.900462 0.000973 0.103178 -0.006191
0.920000 1.550681 0.000656 0.900772 0.000897 0.109206 -0.006552
0.920000 1.549925 0.000690 0.901093 0.000823 0.114746 -0.006885
0.920000 1.549182 0.000721 0.901423 0.000752 0.119819 -0.007189
0.920000 1.548453 0.000750 0.901761 0.000685 0.124444 -0.007467
0.920000 1.547519 0.000783 0.902213 0.000600 0.129844 -0.007791
0.920000 1.546609 0.000812 0.902675 0.000521 0.134549 -0.008073
0.920000 1.545723 0.000837 0.903146 0.000445 0.138595 -0.008316
0.920000 1.544862 0.000859 0.903624 0.000375 0.142020 -0.008521
0.920000 1.543772 0.000881 0.904256 0.000288 0.145626 -0.008738
0.920000 1.542726 0.000898 0.904894 0.000208 0.148309 -0.008899
0.920000 1.541722 0.000909 0.905535 0.000135 0.150145 -0.009009
0.920000 1.540763 0.000916 0.906174 0.000068 0.151202 -0.009072
0.920000 1.539846 0.000919 0.906811 0.000007 0.151547 -0.009093
0.920000 1.538973 0.000917 0.907442 -0.000048 0.151245 -0.009075
0.920000 1.538142 0.000912 0.908067 -0.000099 0.150355 -0.009021
0.920000 1.537353 0.000904 0.908682 -0.000145 0.148935 -0.008936
0.920000 1.536670 0.000894 0.909233 -0.000182 0.147233 -0.008834
0.920000 1.536022 0.000882 0.909774 -0.000215 0.145175 -0.008710
0.920000 1.535406 0.000867 0.910302 -0.000244 0.142796 -0.008568
0.920000 1.534823 0.000851 0.910818 -0.000269 0.140139 -0.008408
0.920000 1.534378 0.000838 0.911223 -0.000288 0.137834 -0.008270
0.920000 1.533954 0.000823 0.911620 -0.000305 0.135383 -0.008123
0.920000 1.533549 0.000807 0.912008 -0.000321 0.132807 -0.007968
0.920000 1.533163 0.000791 0.912387 -0.000335 0.130114 -0.007807
0.920000 1.532812 0.000775 0.912740 -0.000346 0.127450 -0.007647
0.920000 1.532478 0.000759 0.913083 -0.000356 0.124707 -0.007482
0.920000 1.532160 0.000742 0.913419 -0.000364 0.121893 -0.007314
0.920000 1.531858 0.000724 0.913745 -0.000371 0.119021 -0.007141
0.920000 1.531474 0.000701 0.914170 -0.000379 0.115079 -0.006905
0.920000 1.531117 0.000676 0.914580 -0.000385 0.111070 -0.006664
0.920000 1.530786 0.000652 0.914972 -0.000388 0.107017 -0.006421
0.920000 1.530479 0.000627 0.915349 -0.000391 0.102933 -0.006176
0.920000 1.530221 0.000605 0.915677 -0.000391 0.099212 -0.005953
0.920000 1.529981 0.000582 0.915992 -0.000390 0.095492 -0.005730
0.920000 1.529759 0.000560 0.916295 -0.000389 0.091781 -0.005507
0.920000 1.529554 0.000537 0.916584 -0.000387 0.088093 -0.005286
0.920000 1.529365 0.000515 0.916860 -0.000383 0.084438 -0.005066
0.920000 1.529191 0.000493 0.917124 -0.000379 0.080824 -0.004849
0.920000 1.529033 0.000471 0.917375 -0.000373 0.077256 -0.004635
0.920000 1.528889 0.000450 0.917613 -0.000367 0.073744 -0.004425
0.920000 1.528756 0.000429 0.917844 -0.000360 0.070246 -0.004215
0.920000 1.528637 0.000408 0.918062 -0.000353 0.066815 -0.004009
0.920000 1.528530 0.000388 0.918269 -0.000346 0.063459 -0.003808
0.920000 1.528435 0.000368 0.918465 -0.000338 0.060178 -0.003611
0.920000 1.528352 0.000349 0.918645 -0.000330 0.057044 -0.003423
0.920000 1.528280 0.000330 0.918816 -0.000321 0.053989 -0.003239
0.920000 1.528217 0.000312 0.918976 -0.000312 0.051011 -0.003061
0.920000 1.528163 0.000295 0.919126 -0.000302 0.048121 -0.002887
0.920000 1.528116 0.000277 0.919271 -0.000293 0.045257 -0.002715
0.920000 1.528077 0.000260 0.919406 -0.000283 0.042486 -0.002549
0.920000 1.528046 0.000244 0.919532 -0.000274 0.039815 -0.002389
0.920000 1.528022 0.000228 0.919650 -0.000264 0.037235 -0.002234
0.920000 1.528003 0.000211 0.919776 -0.000253 0.034367 -0.002062
0.920000 1.527992 0.000194 0.919891 -0.000242 0.031618 -0.001897
0.920000 1.527988 0.000178 0.919996 -0.000231 0.028972 -0.001738
0.920000 1.527991 0.000163 0.920092 -0.000220 0.026457 -0.001587
0.920000 1.527998 0.000151 0.920162 -0.000211 0.024514 -0.001471
0.920000 1.528009 0.000140 0.920227 -0.000202 0.022654 -0.001359
0.920000 1.528023 0.000129 0.920286 -0.000193 0.020885 -0.001253
0.920000 1.528040 0.000118 0.920339 -0.000184 0.019192 -0.001152
