0.880000 0.000000 0.000000 0.880000 0.000000 -24.384800 1.463088
0.880000 -0.000000 0.000000 0.879950 0.000050 -24.383773 1.463026
0.880000 -0.000000 0.000000 0.879900 0.000100 -24.382746 1.462965
0.880000 -0.000000 0.000000 0.879849 0.000149 -24.381719 1.462903
0.880000 -0.000000 0.000000 0.879799 0.000199 -24.380692 1.462842
0.880000 -0.000000 0.000000 0.879548 0.000448 -24.375557 1.462533
0.880000 -0.000000 0.000000 0.879297 0.000697 -24.370423 1.462225
0.880000 -0.000000 0.000000 0.879046 0.000946 -24.365289 1.461917
0.880000 -0.000000 0.000000 0.878795 0.001195 -24.360156 1.461609
0.880000 -0.000000 0.000000 0.877541 0.002438 -24.334493 1.460070
0.880000 -0.000000 0.000000 0.876288 0.003680 -24.308839 1.458530
0.880000 -0.000000 0.000000 0.875037 0.004920 -24.283194 1.456992
0.880000 -0.000001 0.000001 0.873787 0.006159 -24.257559 1.455454
0.880000 -0.000003 0.000002 0.867556 0.012336 -24.129513 1.447771
0.880000 -0.000006 0.000006 0.861359 0.018480 -24.001689 1.440101
0.880000 -0.000010 0.000010 0.855194 0.024592 -23.874089 1.432445
0.880000 -0.000016 0.000016 0.849061 0.030671 -23.746711 1.424803
0.880000 -0.000062 0.000062 0.818886 0.060586 -23.113164 1.386790
0.880000 -0.000139 0.000138 0.789510 0.089709 -22.485193 1.349112
0.880000 -0.000245 0.000243 0.760920 0.118053 -21.862800 1.311768
0.880000 -0.000380 0.000377 0.733105 0.145631 -21.245992 1.274760
0.880000 -0.001377 0.001365 0.612036 0.265689 -18.413986 1.104839
0.880000 -0.002913 0.002889 0.506602 0.370302 -15.706280 0.942377
0.880000 -0.004918 0.004877 0.415607 0.460677 -13.122817 0.787369
0.880000 -0.007326 0.007266 0.337936 0.537940 -10.663374 0.639802
0.880000 -0.011550 0.011459 0.244259 0.631415 -7.210923 0.432655
0.880000 -0.016355 0.016235 0.174840 0.701134 -4.030867 0.241852
0.880000 -0.021581 0.021434 0.126622 0.750162 -1.115789 0.066947
0.880000 -0.027084 0.026918 0.096726 0.781377 1.544488 -0.092669
0.880000 -0.034670 0.034498 0.080725 0.799935 4.728930 -0.283736
0.880000 -0.042301 0.042151 0.086993 0.797099 7.517931 -0.451076
0.880000 -0.049793 0.049702 0.110502 0.777853 9.951341 -0.597080
0.880000 -0.056994 0.057007 0.146900 0.746505 12.066612 -0.723997
0.880000 -0.064878 0.065077 0.200813 0.699408 14.178863 -0.850732
0.880000 -0.072113 0.072580 0.262987 0.644955 15.959991 -0.957599
0.880000 -0.078632 0.079458 0.330095 0.586380 17.454233 -1.047254
0.880000 -0.084386 0.085670 0.399633 0.526099 18.695277 -1.121717
0.880000 -0.090046 0.091992 0.480576 0.456624 19.848416 -1.190905
0.880000 -0.094669 0.097429 0.560574 0.388805 20.740537 -1.244432
0.880000 -0.098282 0.102017 0.638393 0.323755 21.403408 -1.284204
0.880000 -0.100911 0.105789 0.713157 0.262234 21.862610 -1.311757
0.880000 -0.102783 0.109208 0.795563 0.195697 22.169821 -1.330189
0.880000 -0.103461 0.111673 0.872645 0.134831 22.265977 -1.335959
0.880000 -0.103031 0.113276 0.944155 0.079744 22.182236 -1.330934
0.880000 -0.101574 0.114099 1.009890 0.030521 21.946626 -1.316798
0.880000 -0.099359 0.114234 1.065948 -0.010138 21.612795 -1.296768
0.880000 -0.096395 0.113835 1.117014 -0.045895 21.190377 -1.271423
0.880000 -0.092754 0.112972 1.163221 -0.076948 20.698389 -1.241903
0.880000 -0.088501 0.111708 1.204690 -0.103471 20.154085 -1.209245
0.880000 -0.083880 0.110163 1.240332 -0.124943 19.594557 -1.175673
0.880000 -0.078806 0.108355 1.271985 -0.142695 19.013525 -1.140812
0.880000 -0.073331 0.106333 1.299919 -0.157019 18.421798 -1.105308
0.880000 -0.067505 0.104139 1.324391 -0.168192 17.828575 -1.069714
0.880000 -0.060273 0.101397 1.349069 -0.177675 17.140543 -1.028433
0.880000 -0.052681 0.098533 1.369907 -0.183777 16.470159 -0.988210
0.880000 -0.044788 0.095597 1.387440 -0.187041 15.823924 -0.949435
0.880000 -0.036641 0.092629 1.402140 -0.187938 15.206322 -0.912379
0.880000 -0.027086 0.089245 1.416031 -0.186645 14.539853 -0.872391
0.880000 -0.017303 0.085902 1.427523 -0.183539 13.913897 -0.834834
0.880000 -0.007328 0.082626 1.437204 -0.179190 13.326623 -0.799597
0.880000 0.002808 0.079436 1.445541 -0.174048 12.775858 -0.766552
0.880000 0.018070 0.074902 1.456292 -0.165807 12.021825 -0.721309
0.880000 0.033605 0.070587 1.465873 -0.157492 11.326214 -0.679573
0.880000 0.049403 0.066473 1.474807 -0.149556 10.674419 -0.640465
0.880000 0.065438 0.062561 1.483484 -0.142346 10.059876 -0.603593
0.880000 0.078853 0.059476 1.490618 -0.137067 9.576383 -0.574583
0.880000 0.092426 0.056501 1.497670 -0.132320 9.108942 -0.546537
0.880000 0.106156 0.053624 1.504584 -0.128027 8.654922 -0.519295
0.880000 0.120037 0.050836 1.511342 -0.124153 8.212539 -0.492752
0.880000 0.135135 0.047929 1.518407 -0.120403 7.748059 -0.464884
0.880000 0.150398 0.045107 1.525155 -0.116961 7.294641 -0.437678
0.880000 0.165817 0.042364 1.531517 -0.113743 6.851860 -0.411112
0.880000 0.181383 0.039696 1.537465 -0.110704 6.419259 -0.385156
0.880000 0.202400 0.036237 1.544724 -0.106851 5.856334 -0.351380
0.880000 0.223633 0.032899 1.551136 -0.103147 5.311533 -0.318692
0.880000 0.245056 0.029679 1.556688 -0.099547 4.785263 -0.287116
0.880000 0.266641 0.026572 1.561388 -0.096025 4.276995 -0.256620
0.880000 0.294336 0.022771 1.566149 -0.091601 3.654884 -0.219293
0.880000 0.322198 0.019148 1.569621 -0.087277 3.061808 -0.183708
0.880000 0.350172 0.015701 1.571904 -0.083086 2.497426 -0.149846
0.880000 0.378214 0.012422 1.573026 -0.078991 1.960746 -0.117645
0.880000 0.406006 0.009335 1.573026 -0.075002 1.455807 -0.087348
0.880000 0.433778 0.006405 1.572022 -0.071123 0.976787 -0.058607
0.880000 0.461490 0.003629 1.570079 -0.067359 0.522881 -0.031373
0.880000 0.489105 0.001002 1.567247 -0.063706 0.093367 -0.005602
0.880000 0.531476 -0.002774 1.561229 -0.058256 -0.523910 0.031435
0.880000 0.573418 -0.006222 1.553420 -0.053077 -1.087174 0.065230
0.880000 0.614821 -0.009353 1.544025 -0.048193 -1.598586 0.095915
0.880000 0.655596 -0.012188 1.533179 -0.043562 -2.061774 0.123706
0.880000 0.692848 -0.014574 1.521900 -0.039440 -2.451161 0.147070
0.880000 0.729422 -0.016729 1.509628 -0.035528 -2.802744 0.168165
0.880000 0.765265 -0.018666 1.496494 -0.031838 -3.118992 0.187140
0.880000 0.800330 -0.020396 1.482572 -0.028331 -3.401071 0.204064
0.880000 0.828899 -0.021685 1.470452 -0.025548 -3.610891 0.216653
0.880000 0.856878 -0.022845 1.457928 -0.022902 -3.799433 0.227966
0.880000 0.884249 -0.023881 1.445041 -0.020377 -3.967586 0.238055
0.880000 0.910995 -0.024799 1.431853 -0.017982 -4.116518 0.246991
0.880000 0.937104 -0.025606 1.418413 -0.015715 -4.247312 0.254839
0.880000 0.962563 -0.026306 1.404757 -0.013564 -4.360746 0.261645
0.880000 0.987364 -0.026907 1.390933 -0.011533 -4.457730 0.267464
0.880000 1.011499 -0.027412 1.376974 -0.009611 -4.539152 0.272349
0.880000 1.036452 -0.027852 1.362007 -0.007677 -4.609655 0.276579
0.880000 1.060640 -0.028197 1.346974 -0.005861 -4.664498 0.279870
0.880000 1.084062 -0.028452 1.331913 -0.004157 -4.704684 0.282281
0.880000 1.106715 -0.028623 1.316864 -0.002564 -4.731111 0.283867
0.880000 1.130419 -0.028720 1.300597 -0.000958 -4.745266 0.284716
0.880000 1.153225 -0.028731 1.284424 0.000528 -4.745433 0.284726
0.880000 1.175140 -0.028663 1.268379 0.001900 -4.732652 0.283959
0.880000 1.196173 -0.028523 1.252500 0.003162 -4.707971 0.282478
0.880000 1.219733 -0.028273 1.234122 0.004510 -4.665161 0.279910
0.880000 1.242112 -0.027941 1.216057 0.005721 -4.608814 0.276529
0.880000 1.263330 -0.027534 1.198347 0.006801 -4.540379 0.272423
0.880000 1.283412 -0.027061 1.181021 0.007762 -4.461131 0.267668
0.880000 1.302384 -0.026530 1.164114 0.008606 -4.372329 0.262340
0.880000 1.320273 -0.025947 1.147648 0.009345 -4.275141 0.256508
0.880000 1.337109 -0.025319 1.131636 0.009993 -4.170618 0.250237
0.880000 1.352923 -0.024653 1.116111 0.010543 -4.059864 0.243592
0.880000 1.367101 -0.023987 1.101748 0.010987 -3.949230 0.236954
0.880000 1.380403 -0.023296 1.087853 0.011354 -3.834564 0.230074
0.880000 1.392858 -0.022583 1.074447 0.011633 -3.716587 0.222995
0.880000 1.404498 -0.021854 1.061513 0.011853 -3.596050 0.215763
0.880000 1.413373 -0.021253 1.051349 0.011999 -3.496653 0.209799
0.880000 1.421744 -0.020646 1.041503 0.012108 -3.396246 0.203775
0.880000 1.429629 -0.020035 1.031971 0.012187 -3.295177 0.197711
0.880000 1.437042 -0.019421 1.022759 0.012231 -3.193663 0.191620
0.880000 1.443753 -0.018828 1.014188 0.012240 -3.095691 0.185741
0.880000 1.450055 -0.018236 1.005911 0.012222 -2.997791 0.179867
0.880000 1.455962 -0.017644 0.997924 0.012179 -2.900132 0.174008
0.880000 1.461490 -0.017055 0.990224 0.012113 -2.802941 0.168176
0.880000 1.467809 -0.016334 0.981108 0.012005 -2.683874 0.161032
0.880000 1.473596 -0.015619 0.972418 0.011868 -2.566063 0.153964
0.880000 1.478876 -0.014914 0.964150 0.011702 -2.449807 0.146988
0.880000 1.483674 -0.014220 0.956291 0.011514 -2.335313 0.140119
0.880000 1.489222 -0.013335 0.946695 0.011229 -2.189684 0.131381
0.880000 1.494051 -0.012473 0.937747 0.010923 -2.047767 0.122866
0.880000 1.498210 -0.011637 0.929410 0.010614 -1.909785 0.114587
0.880000 1.501746 -0.010827 0.921698 0.010272 -1.776209 0.106573
0.880000 1.503377 -0.010410 0.917880 0.010072 -1.707663 0.102460
0.880000 1.504854 -0.010002 0.914219 0.009870 -1.640458 0.098427
0.880000 1.506185 -0.009601 0.910716 0.009664 -1.574612 0.094477
0.880000 1.507374 -0.009209 0.907364 0.009457 -1.510138 0.090608
0.880000 1.508430 -0.008825 0.904158 0.009252 -1.447041 0.086822
0.880000 1.509357 -0.008450 0.901098 0.009044 -1.385343 0.083121
0.880000 1.510162 -0.008084 0.898179 0.008834 -1.325068 0.079504
0.880000 1.510850 -0.007726 0.895400 0.008623 -1.266219 0.075973
0.880000 1.511706 -0.007182 0.891312 0.008289 -1.176830 0.070610
0.880000 1.512311 -0.006660 0.887541 0.007954 -1.090987 0.065459
0.880000 1.512682 -0.006160 0.884073 0.007621 -1.008676 0.060521
0.880000 1.512841 -0.005680 0.880894 0.007288 -0.929910 0.055795
0.880000 1.512811 -0.005251 0.878165 0.006979 -0.859290 0.051557
0.880000 1.512624 -0.004840 0.875668 0.006673 -0.791735 0.047504
0.880000 1.512294 -0.004447 0.873392 0.006368 -0.727220 0.043633
0.880000 1.511832 -0.004072 0.871325 0.006068 -0.665692 0.039942
0.880000 1.511252 -0.003715 0.869456 0.005774 -0.607086 0.036425
0.880000 1.510565 -0.003375 0.867774 0.005487 -0.551361 0.033082
0.880000 1.509782 -0.003053 0.866266 0.005209 -0.498460 0.029908
0.880000 1.508914 -0.002748 0.864928 0.004937 -0.448310 0.026899
0.880000 1.508011 -0.002471 0.863797 0.004681 -0.402858 0.024171
0.880000 1.507048 -0.002209 0.862805 0.004430 -0.359809 0.021589
0.880000 1.506031 -0.001960 0.861945 0.004183 -0.319079 0.019145
0.880000 1.504968 -0.001726 0.861205 0.003944 -0.280643 0.016839
0.880000 1.503976 -0.001526 0.860634 0.003737 -0.247892 0.014874
0.880000 1.502956 -0.001337 0.860150 0.003536 -0.216887 0.013013
0.880000 1.501913 -0.001158 0.859747 0.003342 -0.187598 0.011256
0.880000 1.500851 -0.000989 0.859422 0.003154 -0.159946 0.009597
0.880000 1.499765 -0.000829 0.859169 0.002969 -0.133644 0.008019
0.880000 1.498667 -0.000678 0.858985 0.002789 -0.108915 0.006535
0.880000 1.497561 -0.000536 0.858866 0.002616 -0.085688 0.005141
0.880000 1.496450 -0.000403 0.858808 0.002449 -0.063933 0.003836
0.880000 1.494986 -0.000241 0.858814 0.002239 -0.037433 0.002246
0.880000 1.493526 -0.000094 0.858910 0.002039 -0.013278 0.000797
0.880000 1.492075 0.000041 0.859088 0.001846 0.008614 -0.000517
0.880000 1.490638 0.000162 0.859336 0.001666 0.028418 -0.001705
0.880000 1.489784 0.000229 0.859514 0.001564 0.039388 -0.002363
0.880000 1.488938 0.000292 0.859714 0.001465 0.049665 -0.002980
0.880000 1.488100 0.000351 0.859934 0.001369 0.059278 -0.003557
0.880000 1.487272 0.000405 0.860172 0.001276 0.068244 -0.004095
0.880000 1.486454 0.000457 0.860428 0.001187 0.076582 -0.004595
0.880000 1.485647 0.000504 0.860699 0.001100 0.084320 -0.005059
0.880000 1.484852 0.000548 0.860985 0.001017 0.091482 -0.005489
0.880000 1.484068 0.000589 0.861283 0.000937 0.098089 -0.005885
0.880000 1.483040 0.000638 0.861701 0.000836 0.106106 -0.006366
0.880000 1.482035 0.000682 0.862137 0.000739 0.113219 -0.006793
0.880000 1.481054 0.000720 0.862589 0.000648 0.119476 -0.007169
0.880000 1.480100 0.000754 0.863054 0.000562 0.124928 -0.007496
0.880000 1.479045 0.000786 0.863597 0.000471 0.130212 -0.007813
0.880000 1.478025 0.000813 0.864150 0.000385 0.134580 -0.008075
0.880000 1.477040 0.000835 0.864712 0.000306 0.138097 -0.008286
0.880000 1.476091 0.000852 0.865279 0.000233 0.140822 -0.008449
0.880000 1.475178 0.000865 0.865849 0.000165 0.142812 -0.008569
0.880000 1.474301 0.000873 0.866420 0.000102 0.144125 -0.008648
0.880000 1.473460 0.000878 0.866990 0.000044 0.144813 -0.008689
0.880000 1.472655 0.000879 0.867557 -0.000009 0.144928 -0.008696
0.880000 1.471883 0.000877 0.868121 -0.000058 0.144521 -0.008671
0.880000 1.471147 0.000872 0.868678 -0.000102 0.143634 -0.008618
0.880000 1.470445 0.000864 0.869226 -0.000141 0.142308 -0.008538
0.880000 1.469778 0.000854 0.869766 -0.000176 0.140594 -0.008436
0.880000 1.469236 0.000843 0.870218 -0.000204 0.138852 -0.008331
0.880000 1.468719 0.000831 0.870662 -0.000229 0.136876 -0.008213
0.880000 1.468225 0.000818 0.871098 -0.000253 0.134696 -0.008082
0.880000 1.467754 0.000804 0.871525 -0.000273 0.132323 -0.007939
0.880000 1.467346 0.000790 0.871905 -0.000290 0.130013 -0.007801
0.880000 1.466956 0.000776 0.872276 -0.000305 0.127578 -0.007655
0.880000 1.466584 0.000760 0.872639 -0.000317 0.125029 -0.007502
0.880000 1.466230 0.000744 0.872993 -0.000329 0.122383 -0.007343
0.880000 1.465838 0.000725 0.873395 -0.000340 0.119185 -0.007151
0.880000 1.465469 0.000705 0.873786 -0.000350 0.115888 -0.006953
0.880000 1.465122 0.000685 0.874163 -0.000358 0.112515 -0.006751
0.880000 1.464796 0.000664 0.874528 -0.000364 0.109075 -0.006545
0.880000 1.464501 0.000644 0.874869 -0.000368 0.105702 -0.006342
0.880000 1.464225 0.000623 0.875198 -0.000372 0.102294 -0.006138
0.880000 1.463966 0.000602 0.875515 -0.000374 0.098863 -0.005932
0.880000 1.463725 0.000581 0.875820 -0.000375 0.095421 -0.005725
0.880000 1.463500 0.000561 0.876113 -0.000374 0.091981 -0.005519
0.880000 1.463292 0.000540 0.876395 -0.000373 0.088551 -0.005313
0.880000 1.463099 0.000519 0.876664 -0.000370 0.085140 -0.005108
0.880000 1.462920 0.000499 0.876922 -0.000367 0.081755 -0.004905
0.880000 1.462732 0.000475 0.877206 -0.000362 0.077898 -0.004674
0.880000 1.462562 0.000452 0.877475 -0.000357 0.074097 -0.004446
0.880000 1.462408 0.000429 0.877730 -0.000351 0.070361 -0.004222
0.880000 1.462271 0.000407 0.877970 -0.000344 0.066694 -0.004002
0.880000 1.462151 0.000386 0.878192 -0.000337 0.063192 -0.003792
0.880000 1.462044 0.000365 0.878401 -0.000329 0.059769 -0.003586
0.880000 1.461950 0.000345 0.878597 -0.000320 0.056423 -0.003385
0.880000 1.461868 0.000325 0.878781 -0.000310 0.053171 -0.003190
0.880000 1.461805 0.000308 0.878936 -0.000302 0.050357 -0.003021
0.880000 1.461750 0.000291 0.879081 -0.000294 0.047620 -0.002857
0.880000 1.461703 0.000275 0.879219 -0.000286 0.044970 -0.002698
0.880000 1.461663 0.000260 0.879348 -0.000278 0.042395 -0.002544
0.880000 1.461630 0.000245 0.879467 -0.000269 0.039932 -0.002396
0.880000 1.461604 0.000230 0.879578 -0.000260 0.037548 -0.002253
0.880000 1.461584 0.000216 0.879682 -0.000252 0.035234 -0.002114
0.880000 1.461569 0.000203 0.879779 -0.000243 0.033002 -0.001980
0.880000 1.461559 0.000189 0.879872 -0.000234 0.030797 -0.001848
0.880000 1.461555 0.000176 0.879958 -0.000225 0.028675 -0.001721
0.880000 1.461554 0.000164 0.880037 -0.000216 0.026642 -0.001599
0.880000 1.461559 0.000152 0.880110 -0.000207 0.024690 -0.001481
0.880000 1.461566 0.000142 0.880170 -0.000199 0.023019 -0.001381
0.880000 1.461576 0.000132 0.880226 -0.000191 0.021410 -0.001285
0.880000 1.461588 0.000123 0.880277 -0.000184 0.019863 -0.001192
0.880000 1.461603 0.000114 0.880325 -0.000177 0.018378 -0.001103
