0.120000 0.000000 0.000000 0.120000 0.000000 -3.325200 0.199512
0.120000 -0.000000 0.000000 0.119950 0.000050 -3.324173 0.199450
0.120000 -0.000000 0.000000 0.119900 0.000100 -3.323146 0.199389
0.120000 -0.000000 0.000000 0.119849 0.000149 -3.322119 0.199327
0.120000 -0.000000 0.000000 0.119799 0.000199 -3.321093 0.199266
0.120000 -0.000000 0.000000 0.119548 0.000448 -3.315961 0.198958
0.120000 -0.000000 0.000000 0.119298 0.000696 -3.310832 0.198650
0.120000 -0.000000 0.000000 0.119048 0.000943 -3.305705 0.198342
0.120000 -0.000000 0.000000 0.118799 0.001191 -3.300582 0.198035
0.120000 -0.000001 0.000001 0.117557 0.002422 -3.275001 0.196500
0.120000 -0.000002 0.000002 0.116325 0.003644 -3.249486 0.194969
0.120000 -0.000003 0.000003 0.115102 0.004856 -3.224037 0.193442
0.120000 -0.000005 0.000004 0.113889 0.006058 -3.198652 0.191919
0.120000 -0.000018 0.000018 0.107964 0.011932 -3.072712 0.184363
0.120000 -0.000040 0.000040 0.102271 0.017577 -2.948408 0.176904
0.120000 -0.000071 0.000070 0.096802 0.022998 -2.825742 0.169544
0.120000 -0.000109 0.000108 0.091554 0.028202 -2.704713 0.162283
0.120000 -0.000394 0.000390 0.069260 0.050320 -2.146626 0.128798
0.120000 -0.000822 0.000815 0.051347 0.068116 -1.625940 0.097556
0.120000 -0.001363 0.001353 0.037301 0.082111 -1.142033 0.068522
0.120000 -0.001993 0.001978 0.026646 0.092782 -0.694105 0.041646
0.120000 -0.002790 0.002770 0.018080 0.101451 -0.225450 0.013527
0.120000 -0.003642 0.003620 0.012800 0.106923 0.199614 -0.011977
0.120000 -0.004527 0.004503 0.010295 0.109708 0.583224 -0.034993
0.120000 -0.005422 0.005400 0.010105 0.110265 0.927550 -0.055653
0.120000 -0.006550 0.006535 0.012577 0.108382 1.312760 -0.078766
0.120000 -0.007639 0.007638 0.017439 0.104235 1.643044 -0.098583
0.120000 -0.008670 0.008689 0.024091 0.098416 1.923438 -0.115406
0.120000 -0.009624 0.009675 0.032018 0.091429 2.158604 -0.129516
0.120000 -0.010643 0.010744 0.042509 0.082182 2.385450 -0.143127
0.120000 -0.011529 0.011695 0.053662 0.072392 2.562359 -0.153742
0.120000 -0.012276 0.012526 0.065058 0.062463 2.696256 -0.161775
0.120000 -0.012884 0.013237 0.076350 0.052722 2.793157 -0.167589
0.120000 -0.013365 0.013843 0.087588 0.043155 2.859973 -0.171598
0.120000 -0.013707 0.014332 0.098288 0.034184 2.899010 -0.173941
0.120000 -0.013918 0.014712 0.108340 0.025905 2.915108 -0.174906
0.120000 -0.014007 0.014993 0.117662 0.018389 2.912407 -0.174744
0.120000 -0.013984 0.015176 0.125861 0.011938 2.895524 -0.173731
0.120000 -0.013867 0.015285 0.133362 0.006195 2.867478 -0.172049
0.120000 -0.013663 0.015329 0.140184 0.001133 2.830615 -0.169837
0.120000 -0.013380 0.015315 0.146351 -0.003277 2.786943 -0.167217
0.120000 -0.013042 0.015255 0.151678 -0.006928 2.740254 -0.164415
0.120000 -0.012645 0.015156 0.156476 -0.010064 2.690085 -0.161405
0.120000 -0.012195 0.015023 0.160789 -0.012732 2.637454 -0.158247
0.120000 -0.011698 0.014862 0.164657 -0.014975 2.583228 -0.154994
0.120000 -0.011087 0.014651 0.168525 -0.017041 2.521188 -0.151271
0.120000 -0.010429 0.014417 0.171942 -0.018686 2.458760 -0.147526
0.120000 -0.009729 0.014164 0.174963 -0.019968 2.396518 -0.143791
0.120000 -0.008992 0.013896 0.177639 -0.020939 2.334934 -0.140096
0.120000 -0.007995 0.013535 0.180643 -0.021802 2.257223 -0.135433
0.120000 -0.006952 0.013163 0.183240 -0.022317 2.181535 -0.130892
0.120000 -0.005867 0.012785 0.185507 -0.022564 2.108052 -0.126483
0.120000 -0.004746 0.012404 0.187506 -0.022603 2.036945 -0.122217
0.120000 -0.003131 0.011876 0.189943 -0.022407 1.941867 -0.116512
0.120000 -0.001461 0.011353 0.192072 -0.022018 1.851069 -0.111064
0.120000 0.000256 0.010841 0.193975 -0.021517 1.764010 -0.105841
0.120000 0.002016 0.010342 0.195709 -0.020956 1.680550 -0.100833
0.120000 0.003950 0.009820 0.197433 -0.020334 1.594645 -0.095679
0.120000 0.005927 0.009315 0.199039 -0.019714 1.511956 -0.090717
0.120000 0.007943 0.008824 0.200543 -0.019106 1.432048 -0.085923
0.120000 0.009996 0.008348 0.201960 -0.018525 1.354722 -0.081283
0.120000 0.012045 0.007896 0.203277 -0.017987 1.281189 -0.076871
0.120000 0.014125 0.007457 0.204517 -0.017475 1.209731 -0.072584
0.120000 0.016234 0.007029 0.205679 -0.016983 1.140221 -0.068413
0.120000 0.018372 0.006614 0.206765 -0.016511 1.072569 -0.064354
0.120000 0.021007 0.006125 0.207986 -0.015963 0.992674 -0.059560
0.120000 0.023678 0.005651 0.209093 -0.015436 0.915337 -0.054920
0.120000 0.026379 0.005194 0.210085 -0.014923 0.840508 -0.050431
0.120000 0.029110 0.004751 0.210966 -0.014424 0.768117 -0.046087
0.120000 0.032873 0.004171 0.211995 -0.013765 0.673183 -0.040391
0.120000 0.036675 0.003618 0.212827 -0.013124 0.582615 -0.034957
0.120000 0.040507 0.003091 0.213472 -0.012500 0.496345 -0.029781
0.120000 0.044362 0.002590 0.213938 -0.011893 0.414221 -0.024853
0.120000 0.049875 0.001918 0.214309 -0.011055 0.304238 -0.018254
0.120000 0.055400 0.001294 0.214364 -0.010250 0.202148 -0.012129
0.120000 0.060919 0.000717 0.214133 -0.009485 0.107612 -0.006457
0.120000 0.066417 0.000183 0.213634 -0.008750 0.020323 -0.001219
0.120000 0.072086 -0.000326 0.212856 -0.008021 -0.062945 0.003777
0.120000 0.077701 -0.000792 0.211837 -0.007325 -0.139087 0.008345
0.120000 0.083248 -0.001217 0.210595 -0.006654 -0.208464 0.012508
0.120000 0.088713 -0.001602 0.209162 -0.006019 -0.271365 0.016282
0.120000 0.093444 -0.001910 0.207763 -0.005493 -0.321619 0.019297
0.120000 0.098097 -0.002191 0.206244 -0.004991 -0.367363 0.022042
0.120000 0.102665 -0.002445 0.204621 -0.004518 -0.408774 0.024526
0.120000 0.107143 -0.002674 0.202902 -0.004068 -0.446122 0.026767
0.120000 0.111044 -0.002858 0.201300 -0.003684 -0.476074 0.028564
0.120000 0.114867 -0.003024 0.199639 -0.003317 -0.503096 0.030186
0.120000 0.118610 -0.003173 0.197926 -0.002967 -0.527347 0.031641
0.120000 0.122271 -0.003306 0.196168 -0.002633 -0.548935 0.032936
0.120000 0.126234 -0.003436 0.194173 -0.002284 -0.569931 0.034196
0.120000 0.130091 -0.003547 0.192140 -0.001954 -0.587993 0.035280
0.120000 0.133840 -0.003642 0.190076 -0.001643 -0.603278 0.036197
0.120000 0.137480 -0.003721 0.187988 -0.001351 -0.615966 0.036958
0.120000 0.140856 -0.003782 0.185976 -0.001089 -0.625817 0.037549
0.120000 0.144130 -0.003831 0.183955 -0.000842 -0.633568 0.038014
0.120000 0.147302 -0.003867 0.181930 -0.000611 -0.639350 0.038361
0.120000 0.150372 -0.003893 0.179905 -0.000395 -0.643283 0.038597
0.120000 0.153341 -0.003907 0.177885 -0.000192 -0.645482 0.038729
0.120000 0.156207 -0.003912 0.175874 -0.000003 -0.646067 0.038764
0.120000 0.158973 -0.003908 0.173876 0.000173 -0.645148 0.038709
0.120000 0.161638 -0.003895 0.171895 0.000337 -0.642832 0.038570
0.120000 0.164515 -0.003871 0.169693 0.000506 -0.638691 0.038321
0.120000 0.167267 -0.003838 0.167520 0.000660 -0.633053 0.037983
0.120000 0.169898 -0.003797 0.165382 0.000801 -0.626050 0.037563
0.120000 0.172409 -0.003748 0.163280 0.000928 -0.617809 0.037069
0.120000 0.175155 -0.003683 0.160909 0.001059 -0.606936 0.036416
0.120000 0.177748 -0.003610 0.158595 0.001175 -0.594753 0.035685
0.120000 0.180192 -0.003530 0.156341 0.001276 -0.581429 0.034886
0.120000 0.182492 -0.003444 0.154152 0.001363 -0.567104 0.034026
0.120000 0.184950 -0.003339 0.151730 0.001447 -0.549691 0.032981
0.120000 0.187231 -0.003228 0.149397 0.001516 -0.531343 0.031881
0.120000 0.189341 -0.003113 0.147156 0.001570 -0.512212 0.030733
0.120000 0.191288 -0.002994 0.145010 0.001611 -0.492528 0.029552
0.120000 0.192453 -0.002916 0.143684 0.001630 -0.479703 0.028782
0.120000 0.193555 -0.002838 0.142397 0.001646 -0.466743 0.028005
0.120000 0.194597 -0.002759 0.141150 0.001656 -0.453695 0.027222
0.120000 0.195580 -0.002679 0.139941 0.001663 -0.440578 0.026435
0.120000 0.196506 -0.002600 0.138772 0.001666 -0.427416 0.025645
0.120000 0.197377 -0.002520 0.137641 0.001665 -0.414248 0.024855
0.120000 0.198195 -0.002440 0.136549 0.001662 -0.401101 0.024066
0.120000 0.198962 -0.002361 0.135495 0.001655 -0.388002 0.023280
0.120000 0.199807 -0.002267 0.134294 0.001642 -0.372562 0.022354
0.120000 0.200586 -0.002175 0.133145 0.001626 -0.357258 0.021436
0.120000 0.201301 -0.002083 0.132049 0.001607 -0.342123 0.020527
0.120000 0.201955 -0.001992 0.131004 0.001584 -0.327190 0.019631
0.120000 0.202631 -0.001890 0.129872 0.001555 -0.310413 0.018625
0.120000 0.203236 -0.001791 0.128802 0.001522 -0.293970 0.017638
0.120000 0.203774 -0.001693 0.127794 0.001488 -0.277901 0.016674
0.120000 0.204248 -0.001598 0.126847 0.001451 -0.262218 0.015733
0.120000 0.204671 -0.001503 0.125939 0.001410 -0.246625 0.014798
0.120000 0.205037 -0.001411 0.125090 0.001368 -0.231479 0.013889
0.120000 0.205347 -0.001322 0.124298 0.001324 -0.216774 0.013006
0.120000 0.205607 -0.001235 0.123562 0.001279 -0.202567 0.012154
0.120000 0.205810 -0.001157 0.122913 0.001236 -0.189584 0.011375
0.120000 0.205973 -0.001080 0.122309 0.001192 -0.177066 0.010624
0.120000 0.206101 -0.001007 0.121751 0.001146 -0.165056 0.009903
0.120000 0.206194 -0.000937 0.121234 0.001102 -0.153491 0.009209
0.120000 0.206236 -0.000894 0.120929 0.001075 -0.146446 0.008787
0.120000 0.206267 -0.000852 0.120640 0.001048 -0.139583 0.008375
0.120000 0.206287 -0.000812 0.120365 0.001020 -0.132899 0.007974
0.120000 0.206296 -0.000772 0.120106 0.000992 -0.126398 0.007584
0.120000 0.206295 -0.000734 0.119861 0.000965 -0.120082 0.007205
0.120000 0.206285 -0.000696 0.119629 0.000937 -0.113945 0.006837
0.120000 0.206266 -0.000660 0.119411 0.000910 -0.107985 0.006479
0.120000 0.206239 -0.000625 0.119205 0.000883 -0.102201 0.006132
0.120000 0.206188 -0.000577 0.118936 0.000845 -0.094366 0.005662
0.120000 0.206122 -0.000531 0.118691 0.000808 -0.086870 0.005212
0.120000 0.206043 -0.000488 0.118468 0.000772 -0.079708 0.004782
0.120000 0.205953 -0.000446 0.118266 0.000736 -0.072874 0.004372
0.120000 0.205822 -0.000395 0.118035 0.000691 -0.064545 0.003873
0.120000 0.205675 -0.000348 0.117835 0.000648 -0.056733 0.003404
0.120000 0.205514 -0.000303 0.117664 0.000606 -0.049421 0.002965
0.120000 0.205343 -0.000262 0.117520 0.000565 -0.042595 0.002556
0.120000 0.205200 -0.000231 0.117423 0.000534 -0.037520 0.002251
0.120000 0.205053 -0.000202 0.117341 0.000503 -0.032732 0.001964
0.120000 0.204901 -0.000174 0.117274 0.000473 -0.028223 0.001693
0.120000 0.204746 -0.000148 0.117219 0.000445 -0.023983 0.001439
0.120000 0.204588 -0.000124 0.117176 0.000417 -0.020003 0.001200
0.120000 0.204428 -0.000101 0.117145 0.000390 -0.016274 0.000976
0.120000 0.204266 -0.000080 0.117123 0.000365 -0.012789 0.000767
0.120000 0.204104 -0.000060 0.117112 0.000340 -0.009536 0.000572
0.120000 0.203933 -0.000041 0.117109 0.000316 -0.006377 0.000383
0.120000 0.203763 -0.000023 0.117116 0.000292 -0.003452 0.000207
0.120000 0.203594 -0.000006 0.117132 0.000269 -0.000748 0.000045
0.120000 0.203425 0.000009 0.117155 0.000247 0.001738 -0.000104
0.120000 0.203250 0.000024 0.117186 0.000225 0.004125 -0.000247
0.120000 0.203077 0.000037 0.117224 0.000204 0.006294 -0.000378
0.120000 0.202907 0.000049 0.117268 0.000185 0.008249 -0.000495
0.120000 0.202740 0.000060 0.117318 0.000166 0.010013 -0.000601
0.120000 0.202562 0.000070 0.117378 0.000147 0.011718 -0.000703
0.120000 0.202388 0.000079 0.117442 0.000129 0.013226 -0.000794
0.120000 0.202219 0.000088 0.117510 0.000113 0.014572 -0.000874
0.120000 0.202054 0.000095 0.117582 0.000098 0.015730 -0.000944
0.120000 0.201950 0.000099 0.117632 0.000087 0.016378 -0.000983
0.120000 0.201847 0.000102 0.117681 0.000078 0.016958 -0.001017
0.120000 0.201747 0.000105 0.117732 0.000069 0.017472 -0.001048
0.120000 0.201650 0.000108 0.117784 0.000061 0.017927 -0.001076
0.120000 0.201554 0.000111 0.117836 0.000053 0.018327 -0.001100
0.120000 0.201461 0.000113 0.117889 0.000045 0.018673 -0.001120
0.120000 0.201370 0.000115 0.117942 0.000038 0.018966 -0.001138
0.120000 0.201281 0.000116 0.117995 0.000031 0.019209 -0.001153
0.120000 0.201165 0.000118 0.118068 0.000023 0.019462 -0.001168
0.120000 0.201053 0.000119 0.118140 0.000015 0.019635 -0.001178
0.120000 0.200945 0.000120 0.118213 0.000007 0.019735 -0.001184
0.120000 0.200842 0.000120 0.118285 0.000000 0.019765 -0.001186
0.120000 0.200704 0.000120 0.118385 -0.000008 0.019710 -0.001183
0.120000 0.200574 0.000119 0.118484 -0.000016 0.019537 -0.001172
0.120000 0.200453 0.000117 0.118582 -0.000023 0.019245 -0.001155
0.120000 0.200339 0.000115 0.118676 -0.000029 0.018877 -0.001133
0.120000 0.200279 0.000113 0.118727 -0.000031 0.018650 -0.001119
0.120000 0.200222 0.000112 0.118778 -0.000034 0.018402 -0.001104
0.120000 0.200167 0.000110 0.118827 -0.000036 0.018138 -0.001088
0.120000 0.200114 0.000109 0.118876 -0.000038 0.017856 -0.001071
0.120000 0.200064 0.000107 0.118923 -0.000040 0.017553 -0.001053
0.120000 0.200015 0.000105 0.118970 -0.000042 0.017236 -0.001034
0.120000 0.199969 0.000103 0.119016 -0.000044 0.016906 -0.001014
0.120000 0.199925 0.000101 0.119060 -0.000045 0.016565 -0.000994
0.120000 0.199869 0.000098 0.119119 -0.000047 0.016092 -0.000966
0.120000 0.199816 0.000095 0.119175 -0.000048 0.015604 -0.000936
0.120000 0.199766 0.000092 0.119230 -0.000049 0.015103 -0.000906
0.120000 0.199720 0.000089 0.119282 -0.000050 0.014594 -0.000876
0.120000 0.199669 0.000085 0.119342 -0.000050 0.013971 -0.000838
0.120000 0.199623 0.000081 0.119399 -0.000050 0.013348 -0.000801
0.120000 0.199580 0.000078 0.119454 -0.000051 0.012736 -0.000764
0.120000 0.199542 0.000074 0.119506 -0.000051 0.012118 -0.000727
0.120000 0.199509 0.000070 0.119552 -0.000051 0.011556 -0.000693
0.120000 0.199479 0.000067 0.119596 -0.000051 0.010984 -0.000659
0.120000 0.199452 0.000063 0.119637 -0.000050 0.010365 -0.000622
0.120000 0.199428 0.000060 0.119676 -0.000048 0.009776 -0.000587
0.120000 0.199410 0.000057 0.119708 -0.000048 0.009276 -0.000557
0.120000 0.199393 0.000054 0.119739 -0.000047 0.008801 -0.000528
0.120000 0.199378 0.000051 0.119765 -0.000043 0.008407 -0.000504
0.120000 0.199364 0.000049 0.119791 -0.000042 0.008006 -0.000480
0.120000 0.199356 0.000047 0.119809 -0.000043 0.007713 -0.000463
0.120000 0.199349 0.000045 0.119825 -0.000043 0.007425 -0.000446
0.120000 0.199343 0.000044 0.119841 -0.000043 0.007141 -0.000428
0.120000 0.199337 0.000042 0.119856 -0.000042 0.006865 -0.000412
0.120000 0.199332 0.000040 0.119870 -0.000041 0.006601 -0.000396
0.120000 0.199327 0.000039 0.119883 -0.000040 0.006345 -0.000381
0.120000 0.199322 0.000037 0.119896 -0.000039 0.006093 -0.000366
0.120000 0.199319 0.000036 0.119908 -0.000038 0.005848 -0.000351
0.120000 0.199314 0.000034 0.119923 -0.000037 0.005526 -0.000332
0.120000 0.199311 0.000032 0.119938 -0.000036 0.005214 -0.000313
0.120000 0.199308 0.000030 0.119952 -0.000035 0.004912 -0.000295
0.120000 0.199306 0.000028 0.119965 -0.000033 0.004620 -0.000277
0.120000 0.199304 0.000026 0.119983 -0.000031 0.004181 -0.000251
0.120000 0.199303 0.000023 0.119999 -0.000029 0.003766 -0.000226
0.120000 0.199303 0.000021 0.120015 -0.000029 0.003371 -0.000202
0.120000 0.199305 0.000019 0.120029 -0.000027 0.002998 -0.000180
0.120000 0.199306 0.000018 0.120033 -0.000027 0.002879 -0.000173
0.120000 0.199307 0.000017 0.120036 -0.000026 0.002765 -0.000166
0.120000 0.199308 0.000016 0.120040 -0.000025 0.002653 -0.000159
0.120000 0.199309 0.000016 0.120043 -0.000024 0.002544 -0.000153
