0.520000 0.000000 0.000000 0.520000 0.000000 -14.409200 0.864552
0.520000 -0.000000 0.000000 0.519950 0.000050 -14.408173 0.864490
0.520000 -0.000000 0.000000 0.519900 0.000100 -14.407146 0.864429
0.520000 -0.000000 0.000000 0.519849 0.000149 -14.406119 0.864367
0.520000 -0.000000 0.000000 0.519799 0.000199 -14.405092 0.864306
0.520000 -0.000000 0.000000 0.519548 0.000448 -14.399958 0.863997
0.520000 -0.000000 0.000000 0.519297 0.000697 -14.394824 0.863689
0.520000 -0.000000 0.000000 0.519046 0.000946 -14.389691 0.863381
0.520000 -0.000000 0.000000 0.518795 0.001194 -14.384558 0.863074
0.520000 -0.000000 0.000000 0.517543 0.002436 -14.358905 0.861534
0.520000 -0.000000 0.000000 0.516292 0.003676 -14.333266 0.859996
0.520000 -0.000001 0.000001 0.515044 0.004913 -14.307643 0.858459
0.520000 -0.000001 0.000001 0.513798 0.006148 -14.282034 0.856922
0.520000 -0.000004 0.000004 0.507601 0.012291 -14.154218 0.849253
0.520000 -0.000010 0.000009 0.501460 0.018380 -14.026779 0.841607
0.520000 -0.000017 0.000017 0.495374 0.024413 -13.899717 0.833983
0.520000 -0.000026 0.000026 0.489342 0.030393 -13.773032 0.826382
0.520000 -0.000104 0.000103 0.459995 0.059487 -13.145269 0.788716
0.520000 -0.000231 0.000229 0.431970 0.087272 -12.526949 0.751617
0.520000 -0.000405 0.000402 0.405232 0.113784 -11.918079 0.715085
0.520000 -0.000624 0.000619 0.379743 0.139060 -11.318661 0.679120
0.520000 -0.001563 0.001550 0.308326 0.209912 -9.521299 0.571278
0.520000 -0.002853 0.002829 0.247576 0.270241 -7.814304 0.468858
0.520000 -0.004439 0.004403 0.196561 0.320990 -6.196954 0.371817
0.520000 -0.006273 0.006223 0.154405 0.363038 -4.668241 0.280094
0.520000 -0.009281 0.009212 0.107323 0.410255 -2.604808 0.156289
0.520000 -0.012594 0.012508 0.074886 0.443176 -0.719234 0.043154
0.520000 -0.016109 0.016011 0.055002 0.463891 0.995763 -0.059746
0.520000 -0.019734 0.019632 0.045761 0.474310 2.548319 -0.152899
0.520000 -0.024450 0.024358 0.046769 0.475316 4.325173 -0.259510
0.520000 -0.029096 0.029037 0.059414 0.465219 5.868817 -0.352129
0.520000 -0.033575 0.033577 0.080962 0.446718 7.201072 -0.432064
0.520000 -0.037805 0.037900 0.109071 0.422122 8.341996 -0.500520
0.520000 -0.042415 0.042669 0.148223 0.387691 9.472485 -0.568349
0.520000 -0.046540 0.047012 0.191419 0.349750 10.392117 -0.623527
0.520000 -0.050147 0.050902 0.236753 0.310139 11.128244 -0.667695
0.520000 -0.053216 0.054323 0.282718 0.270303 11.703454 -0.702207
0.520000 -0.055955 0.057534 0.332540 0.227602 12.172835 -0.730370
0.520000 -0.058060 0.060206 0.380849 0.186752 12.497750 -0.749865
0.520000 -0.059560 0.062370 0.426988 0.148337 12.699765 -0.761986
0.520000 -0.060480 0.064056 0.470459 0.112794 12.797181 -0.767831
0.520000 -0.060857 0.065328 0.512057 0.079503 12.805282 -0.768317
0.520000 -0.060702 0.066181 0.550422 0.049541 12.736382 -0.764183
0.520000 -0.060063 0.066659 0.585547 0.022866 12.604819 -0.756289
0.520000 -0.058978 0.066805 0.617440 -0.000574 12.423114 -0.745387
0.520000 -0.057592 0.066676 0.644477 -0.019713 12.216955 -0.733017
0.520000 -0.055886 0.066324 0.668898 -0.036292 11.984361 -0.719062
0.520000 -0.053892 0.065781 0.690865 -0.050495 11.732197 -0.703932
0.520000 -0.051639 0.065076 0.710529 -0.062491 11.466402 -0.687984
0.520000 -0.049083 0.064208 0.728497 -0.072700 11.184537 -0.671072
0.520000 -0.046311 0.063223 0.744427 -0.081002 10.897993 -0.653880
0.520000 -0.043347 0.062142 0.758524 -0.087612 10.610330 -0.636620
0.520000 -0.040213 0.060987 0.770976 -0.092725 10.324483 -0.619469
0.520000 -0.036118 0.059476 0.784406 -0.097264 9.975742 -0.598545
0.520000 -0.031826 0.057907 0.795936 -0.100148 9.636014 -0.578161
0.520000 -0.027363 0.056302 0.805889 -0.101700 9.306995 -0.558420
0.520000 -0.022753 0.054683 0.814526 -0.102185 8.989904 -0.539394
0.520000 -0.016814 0.052659 0.823823 -0.101643 8.611308 -0.516679
0.520000 -0.010703 0.050655 0.831845 -0.100203 8.251243 -0.495075
0.520000 -0.004442 0.048685 0.838915 -0.098182 7.908199 -0.474492
0.520000 0.001953 0.046759 0.845275 -0.095811 7.581197 -0.454872
0.520000 0.010570 0.044297 0.852913 -0.092466 7.172385 -0.430343
0.520000 0.019380 0.041923 0.859920 -0.089075 6.784474 -0.407068
0.520000 0.028372 0.039630 0.866441 -0.085757 6.413401 -0.384804
0.520000 0.037531 0.037422 0.872614 -0.082635 6.057499 -0.363450
0.520000 0.045682 0.035555 0.877808 -0.080118 5.757095 -0.345426
0.520000 0.053949 0.033745 0.882779 -0.077766 5.465412 -0.327925
0.520000 0.062329 0.031985 0.887512 -0.075553 5.181607 -0.310896
0.520000 0.070814 0.030275 0.892013 -0.073475 4.905087 -0.294305
0.520000 0.080852 0.028337 0.896976 -0.071203 4.590698 -0.275442
0.520000 0.091018 0.026458 0.901587 -0.069051 4.285182 -0.257111
0.520000 0.101304 0.024635 0.905826 -0.066986 3.988294 -0.239298
0.520000 0.111698 0.022866 0.909697 -0.064996 3.699743 -0.221985
0.520000 0.125601 0.020606 0.914258 -0.062461 3.330325 -0.199820
0.520000 0.139654 0.018434 0.918169 -0.060003 2.975064 -0.178504
0.520000 0.153834 0.016349 0.921446 -0.057607 2.633895 -0.158034
0.520000 0.168119 0.014348 0.924111 -0.055268 2.306363 -0.138382
0.520000 0.189319 0.011547 0.926954 -0.051897 1.847740 -0.110864
0.520000 0.210635 0.008918 0.928606 -0.048645 1.417534 -0.085052
0.520000 0.232007 0.006459 0.929177 -0.045539 1.014940 -0.060896
0.520000 0.253379 0.004161 0.928707 -0.042540 0.638652 -0.038319
0.520000 0.273270 0.002154 0.927375 -0.039816 0.310515 -0.018631
0.520000 0.293077 0.000279 0.925269 -0.037191 0.003789 -0.000227
0.520000 0.312765 -0.001472 0.922442 -0.034659 -0.282438 0.016946
0.520000 0.332298 -0.003102 0.918952 -0.032224 -0.548812 0.032929
0.520000 0.355864 -0.004933 0.913879 -0.029388 -0.847961 0.050878
0.520000 0.379103 -0.006600 0.907986 -0.026691 -1.120088 0.067205
0.520000 0.401970 -0.008109 0.901362 -0.024134 -1.366325 0.081979
0.520000 0.424422 -0.009470 0.894088 -0.021713 -1.588351 0.095301
0.520000 0.449157 -0.010836 0.885192 -0.019123 -1.810746 0.108645
0.520000 0.473276 -0.012034 0.875676 -0.016702 -2.005868 0.120352
0.520000 0.496740 -0.013075 0.865657 -0.014468 -2.175919 0.130555
0.520000 0.519516 -0.013971 0.855168 -0.012360 -2.321810 0.139309
0.520000 0.532466 -0.014430 0.848859 -0.011179 -2.396075 0.143765
0.520000 0.545168 -0.014844 0.842449 -0.010053 -2.463036 0.147782
0.520000 0.557619 -0.015215 0.835946 -0.008974 -2.522977 0.151379
0.520000 0.569814 -0.015545 0.829366 -0.007945 -2.576238 0.154574
0.520000 0.581751 -0.015836 0.822724 -0.006965 -2.623144 0.157389
0.520000 0.593428 -0.016089 0.816028 -0.006029 -2.663934 0.159836
0.520000 0.604843 -0.016306 0.809291 -0.005136 -2.698868 0.161932
0.520000 0.615994 -0.016490 0.802523 -0.004283 -2.728223 0.163693
0.520000 0.630307 -0.016683 0.793560 -0.003219 -2.758864 0.165532
0.520000 0.644158 -0.016823 0.784587 -0.002222 -2.780816 0.166849
0.520000 0.657547 -0.016913 0.775627 -0.001290 -2.794652 0.167679
0.520000 0.670476 -0.016956 0.766697 -0.000422 -2.800904 0.168054
0.520000 0.687977 -0.016945 0.754163 0.000701 -2.797804 0.167868
0.520000 0.704571 -0.016857 0.741776 0.001711 -2.781999 0.166920
0.520000 0.720271 -0.016698 0.729576 0.002619 -2.754815 0.165289
0.520000 0.735091 -0.016478 0.717607 0.003424 -2.717488 0.163049
0.520000 0.746549 -0.016257 0.708032 0.004009 -2.680344 0.160821
0.520000 0.757444 -0.016004 0.698649 0.004533 -2.637832 0.158270
0.520000 0.767787 -0.015720 0.689476 0.004994 -2.590492 0.155430
0.520000 0.777591 -0.015411 0.680519 0.005402 -2.538925 0.152335
0.520000 0.785401 -0.015134 0.673184 0.005710 -2.492828 0.149570
0.520000 0.792850 -0.014842 0.666013 0.005984 -2.444377 0.146663
0.520000 0.799946 -0.014538 0.659011 0.006228 -2.393869 0.143632
0.520000 0.806698 -0.014223 0.652182 0.006440 -2.341523 0.140491
0.520000 0.813525 -0.013876 0.645099 0.006634 -2.283980 0.137039
0.520000 0.819981 -0.013519 0.638221 0.006796 -2.224914 0.133495
0.520000 0.826078 -0.013155 0.631548 0.006930 -2.164562 0.129874
0.520000 0.831826 -0.012784 0.625083 0.007036 -2.103199 0.126192
0.520000 0.839543 -0.012239 0.616099 0.007150 -2.013101 0.120786
0.520000 0.846588 -0.011688 0.607556 0.007212 -1.922012 0.115321
0.520000 0.852995 -0.011134 0.599459 0.007220 -1.830586 0.109835
0.520000 0.858795 -0.010580 0.591788 0.007196 -1.739218 0.104353
0.520000 0.861900 -0.010260 0.587523 0.007170 -1.686303 0.101178
0.520000 0.864818 -0.009941 0.583402 0.007132 -1.633648 0.098019
0.520000 0.867556 -0.009624 0.579422 0.007086 -1.581324 0.094879
0.520000 0.870119 -0.009309 0.575582 0.007028 -1.529417 0.091765
0.520000 0.872514 -0.008998 0.571882 0.006959 -1.478008 0.088680
0.520000 0.874748 -0.008689 0.568319 0.006882 -1.427146 0.085629
0.520000 0.876825 -0.008384 0.564889 0.006797 -1.376881 0.082613
0.520000 0.878752 -0.008083 0.561592 0.006706 -1.327270 0.079636
0.520000 0.881132 -0.007682 0.557333 0.006573 -1.261250 0.075675
0.520000 0.883262 -0.007290 0.553306 0.006430 -1.196619 0.071797
0.520000 0.885156 -0.006907 0.549504 0.006278 -1.133481 0.068009
0.520000 0.886827 -0.006533 0.545921 0.006118 -1.071902 0.064314
0.520000 0.888670 -0.006066 0.541626 0.005902 -0.995138 0.059708
0.520000 0.890192 -0.005617 0.537665 0.005679 -0.921167 0.055270
0.520000 0.891420 -0.005185 0.534024 0.005453 -0.850024 0.051001
0.520000 0.892377 -0.004770 0.530693 0.005219 -0.781885 0.046913
0.520000 0.892841 -0.004525 0.528795 0.005072 -0.741569 0.044494
0.520000 0.893217 -0.004287 0.527003 0.004925 -0.702403 0.042144
0.520000 0.893511 -0.004056 0.525317 0.004777 -0.664404 0.039864
0.520000 0.893726 -0.003831 0.523730 0.004630 -0.627556 0.037653
0.520000 0.893868 -0.003614 0.522238 0.004484 -0.591840 0.035510
0.520000 0.893941 -0.003404 0.520840 0.004338 -0.557272 0.033436
0.520000 0.893949 -0.003200 0.519532 0.004194 -0.523847 0.031431
0.520000 0.893897 -0.003004 0.518311 0.004051 -0.491558 0.029493
0.520000 0.893767 -0.002784 0.516995 0.003885 -0.455382 0.027323
0.520000 0.893566 -0.002573 0.515788 0.003721 -0.420718 0.025243
0.520000 0.893301 -0.002371 0.514685 0.003558 -0.387538 0.023252
0.520000 0.892977 -0.002178 0.513680 0.003399 -0.355830 0.021350
0.520000 0.892502 -0.001950 0.512561 0.003204 -0.318390 0.019103
0.520000 0.891953 -0.001735 0.511578 0.003015 -0.283138 0.016988
0.520000 0.891341 -0.001533 0.510722 0.002831 -0.250040 0.015002
0.520000 0.890675 -0.001344 0.509985 0.002653 -0.218991 0.013139
0.520000 0.889892 -0.001151 0.509308 0.002463 -0.187392 0.011244
0.520000 0.889063 -0.000972 0.508752 0.002282 -0.158037 0.009482
0.520000 0.888196 -0.000806 0.508305 0.002111 -0.130708 0.007842
0.520000 0.887299 -0.000653 0.507966 0.001943 -0.105566 0.006334
0.520000 0.886862 -0.000584 0.507841 0.001863 -0.094343 0.005661
0.520000 0.886420 -0.000518 0.507735 0.001786 -0.083567 0.005014
0.520000 0.885975 -0.000455 0.507648 0.001711 -0.073236 0.004394
0.520000 0.885527 -0.000394 0.507579 0.001638 -0.063331 0.003800
0.520000 0.885077 -0.000336 0.507528 0.001568 -0.053836 0.003230
0.520000 0.884625 -0.000281 0.507495 0.001500 -0.044752 0.002685
0.520000 0.884173 -0.000228 0.507477 0.001433 -0.036071 0.002164
0.520000 0.883720 -0.000177 0.507475 0.001368 -0.027784 0.001667
0.520000 0.883108 -0.000112 0.507497 0.001282 -0.017183 0.001031
0.520000 0.882497 -0.000052 0.507544 0.001199 -0.007261 0.000436
0.520000 0.881890 0.000005 0.507614 0.001119 0.002008 -0.000120
0.520000 0.881286 0.000058 0.507706 0.001042 0.010647 -0.000639
0.520000 0.880437 0.000127 0.507870 0.000938 0.021889 -0.001313
0.520000 0.879600 0.000188 0.508071 0.000840 0.031975 -0.001918
0.520000 0.878779 0.000244 0.508304 0.000747 0.040972 -0.002458
0.520000 0.877975 0.000292 0.508565 0.000659 0.048943 -0.002937
0.520000 0.877375 0.000326 0.508779 0.000597 0.054361 -0.003262
0.520000 0.876788 0.000356 0.509005 0.000537 0.059249 -0.003555
0.520000 0.876212 0.000383 0.509242 0.000481 0.063632 -0.003818
0.520000 0.875650 0.000407 0.509489 0.000428 0.067538 -0.004052
0.520000 0.875100 0.000428 0.509744 0.000377 0.070993 -0.004260
0.520000 0.874565 0.000447 0.510007 0.000329 0.074019 -0.004441
0.520000 0.874043 0.000463 0.510275 0.000284 0.076643 -0.004599
0.520000 0.873536 0.000477 0.510548 0.000241 0.078884 -0.004733
0.520000 0.872938 0.000491 0.510884 0.000192 0.081128 -0.004868
0.520000 0.872363 0.000501 0.511225 0.000147 0.082876 -0.004973
0.520000 0.871809 0.000510 0.511567 0.000105 0.084161 -0.005050
0.520000 0.871277 0.000515 0.511910 0.000067 0.085027 -0.005102
0.520000 0.870804 0.000518 0.512228 0.000034 0.085484 -0.005129
0.520000 0.870350 0.000519 0.512544 0.000004 0.085636 -0.005138
0.520000 0.869915 0.000519 0.512858 -0.000023 0.085514 -0.005131
0.520000 0.869498 0.000516 0.513169 -0.000049 0.085130 -0.005108
0.520000 0.869100 0.000513 0.513475 -0.000072 0.084505 -0.005070
0.520000 0.868720 0.000508 0.513778 -0.000093 0.083664 -0.005020
0.520000 0.868357 0.000502 0.514076 -0.000113 0.082622 -0.004957
0.520000 0.868013 0.000494 0.514368 -0.000130 0.081403 -0.004884
0.520000 0.867706 0.000487 0.514635 -0.000145 0.080128 -0.004808
0.520000 0.867415 0.000478 0.514897 -0.000158 0.078729 -0.004724
0.520000 0.867137 0.000469 0.515151 -0.000168 0.077221 -0.004633
0.520000 0.866874 0.000460 0.515400 -0.000178 0.075616 -0.004537
0.520000 0.866649 0.000451 0.515619 -0.000186 0.074093 -0.004446
0.520000 0.866434 0.000441 0.515834 -0.000193 0.072508 -0.004350
0.520000 0.866230 0.000431 0.516043 -0.000200 0.070870 -0.004252
0.520000 0.866036 0.000421 0.516246 -0.000205 0.069185 -0.004151
0.520000 0.865845 0.000410 0.516451 -0.000210 0.067391 -0.004043
0.520000 0.865665 0.000399 0.516650 -0.000213 0.065562 -0.003934
0.520000 0.865495 0.000388 0.516843 -0.000216 0.063703 -0.003822
0.520000 0.865335 0.000376 0.517030 -0.000218 0.061823 -0.003709
0.520000 0.865149 0.000362 0.517254 -0.000220 0.059460 -0.003568
0.520000 0.864977 0.000348 0.517468 -0.000221 0.057087 -0.003425
0.520000 0.864819 0.000333 0.517672 -0.000221 0.054717 -0.003283
0.520000 0.864674 0.000319 0.517868 -0.000220 0.052350 -0.003141
0.520000 0.864556 0.000306 0.518032 -0.000219 0.050269 -0.003016
0.520000 0.864448 0.000294 0.518190 -0.000217 0.048204 -0.002892
0.520000 0.864348 0.000282 0.518340 -0.000215 0.046154 -0.002769
0.520000 0.864257 0.000269 0.518484 -0.000212 0.044130 -0.002648
0.520000 0.864173 0.000257 0.518620 -0.000209 0.042140 -0.002528
0.520000 0.864098 0.000245 0.518750 -0.000205 0.040184 -0.002411
0.520000 0.864029 0.000234 0.518873 -0.000201 0.038267 -0.002296
0.520000 0.863968 0.000222 0.518989 -0.000196 0.036389 -0.002183
0.520000 0.863912 0.000211 0.519102 -0.000191 0.034516 -0.002071
0.520000 0.863863 0.000200 0.519208 -0.000187 0.032687 -0.001961
0.520000 0.863819 0.000189 0.519309 -0.000182 0.030905 -0.001854
0.520000 0.863782 0.000178 0.519404 -0.000178 0.029171 -0.001750
0.520000 0.863751 0.000169 0.519486 -0.000173 0.027597 -0.001656
0.520000 0.863725 0.000160 0.519564 -0.000168 0.026069 -0.001564
0.520000 0.863703 0.000151 0.519637 -0.000162 0.024583 -0.001475
0.520000 0.863686 0.000142 0.519705 -0.000157 0.023144 -0.001389
0.520000 0.863671 0.000134 0.519768 -0.000152 0.021782 -0.001307
0.520000 0.863661 0.000126 0.519827 -0.000147 0.020464 -0.001228
0.520000 0.863653 0.000118 0.519883 -0.000142 0.019194 -0.001152
0.520000 0.863648 0.000110 0.519934 -0.000137 0.017967 -0.001078
0.520000 0.863646 0.000102 0.519988 -0.000132 0.016641 -0.000998
0.520000 0.863646 0.000095 0.520037 -0.000126 0.015369 -0.000922
0.520000 0.863650 0.000087 0.520081 -0.000120 0.014146 -0.000849
0.520000 0.863656 0.000080 0.520122 -0.000115 0.012980 -0.000779
0.520000 0.863660 0.000077 0.520140 -0.000112 0.012462 -0.000748
0.520000 0.863664 0.000074 0.520157 -0.000110 0.011956 -0.000717
0.520000 0.863668 0.000071 0.520173 -0.000107 0.011460 -0.000688
0.520000 0.863673 0.000068 0.520188 -0.000105 0.010976 -0.000659
