0.240000 0.000000 0.000000 0.240000 0.000000 -6.650400 0.399024
0.240000 -0.000000 0.000000 0.239950 0.000050 -6.649373 0.398962
0.240000 -0.000000 0.000000 0.239900 0.000100 -6.648346 0.398901
0.240000 -0.000000 0.000000 0.239849 0.000149 -6.647319 0.398839
0.240000 -0.000000 0.000000 0.239799 0.000199 -6.646292 0.398778
0.240000 -0.000000 0.000000 0.239548 0.000448 -6.641159 0.398470
0.240000 -0.000000 0.000000 0.239297 0.000696 -6.636027 0.398162
0.240000 -0.000000 0.000000 0.239047 0.000945 -6.630896 0.397854
0.240000 -0.000000 0.000000 0.238797 0.001193 -6.625766 0.397546
0.240000 -0.000000 0.000000 0.237548 0.002431 -6.600139 0.396008
0.240000 -0.000001 0.000001 0.236304 0.003664 -6.574543 0.394473
0.240000 -0.000001 0.000001 0.235064 0.004893 -6.548981 0.392939
0.240000 -0.000002 0.000002 0.233830 0.006117 -6.523451 0.391407
0.240000 -0.000009 0.000009 0.227729 0.012165 -6.396291 0.383777
0.240000 -0.000020 0.000020 0.221747 0.018095 -6.269948 0.376197
0.240000 -0.000036 0.000036 0.215882 0.023910 -6.144423 0.368665
0.240000 -0.000056 0.000056 0.210132 0.029610 -6.019717 0.361183
0.240000 -0.000218 0.000216 0.183067 0.056445 -5.408467 0.324508
0.240000 -0.000476 0.000472 0.158686 0.080628 -4.817679 0.289061
0.240000 -0.000819 0.000812 0.136824 0.102322 -4.247303 0.254838
0.240000 -0.001239 0.001229 0.117326 0.121685 -3.697244 0.221835
0.240000 -0.002127 0.002110 0.088617 0.150244 -2.788808 0.167328
0.240000 -0.003181 0.003156 0.065879 0.172941 -1.940269 0.116416
0.240000 -0.004364 0.004332 0.048439 0.190450 -1.150209 0.069013
0.240000 -0.005644 0.005605 0.035678 0.203394 -0.417011 0.025021
0.240000 -0.007513 0.007468 0.024722 0.214787 0.502601 -0.030156
0.240000 -0.009450 0.009403 0.020236 0.219920 1.323742 -0.079425
0.240000 -0.011404 0.011362 0.021058 0.219950 2.052553 -0.123153
0.240000 -0.013330 0.013302 0.026156 0.215900 2.695116 -0.161707
0.240000 -0.015612 0.015614 0.036978 0.206622 3.376428 -0.202586
0.240000 -0.017754 0.017805 0.051554 0.193849 3.948763 -0.236926
0.240000 -0.019723 0.019844 0.068751 0.178689 4.423753 -0.265425
0.240000 -0.021495 0.021710 0.087616 0.162071 4.811827 -0.288710
0.240000 -0.023263 0.023617 0.110328 0.142167 5.162620 -0.309757
0.240000 -0.024744 0.025273 0.133405 0.122107 5.426358 -0.325581
0.240000 -0.025939 0.026683 0.156221 0.102480 5.615933 -0.336956
0.240000 -0.026853 0.027852 0.178275 0.083758 5.742378 -0.344543
0.240000 -0.027501 0.028802 0.199496 0.066030 5.816211 -0.348973
0.240000 -0.027887 0.029536 0.219392 0.049714 5.844786 -0.350687
0.240000 -0.028031 0.030073 0.237854 0.034891 5.836285 -0.350177
0.240000 -0.027950 0.030432 0.254806 0.021618 5.797717 -0.347863
0.240000 -0.027687 0.030622 0.269230 0.010641 5.740013 -0.344401
0.240000 -0.027261 0.030689 0.282375 0.000945 5.665724 -0.339943
0.240000 -0.026687 0.030649 0.294301 -0.007541 5.578486 -0.334709
0.240000 -0.025978 0.030515 0.305066 -0.014887 5.481427 -0.328886
0.240000 -0.025211 0.030318 0.314082 -0.020754 5.384854 -0.323091
0.240000 -0.024349 0.030061 0.322234 -0.025789 5.283825 -0.317030
0.240000 -0.023402 0.029753 0.329593 -0.030066 5.179793 -0.310788
0.240000 -0.022379 0.029402 0.336225 -0.033656 5.073998 -0.304440
0.240000 -0.020968 0.028900 0.343756 -0.037356 4.937628 -0.296258
0.240000 -0.019458 0.028352 0.350345 -0.040191 4.801582 -0.288095
0.240000 -0.017861 0.027770 0.356122 -0.042295 4.667004 -0.280020
0.240000 -0.016187 0.027163 0.361199 -0.043781 4.534821 -0.272089
0.240000 -0.014007 0.026382 0.366699 -0.044923 4.374307 -0.262458
0.240000 -0.011736 0.025587 0.371451 -0.045449 4.218956 -0.253137
0.240000 -0.009388 0.024787 0.375606 -0.045513 4.068889 -0.244133
0.240000 -0.006970 0.023988 0.379285 -0.045233 3.924256 -0.235455
0.240000 -0.003151 0.022783 0.384220 -0.044359 3.713358 -0.222801
0.240000 0.000793 0.021605 0.388537 -0.043165 3.513299 -0.210798
0.240000 0.004850 0.020458 0.392414 -0.041818 3.322096 -0.199326
0.240000 0.009007 0.019347 0.395969 -0.040430 3.139460 -0.188368
0.240000 0.012836 0.018380 0.398970 -0.039206 2.981725 -0.178903
0.240000 0.016735 0.017442 0.401803 -0.038029 2.829255 -0.169755
0.240000 0.020703 0.016530 0.404476 -0.036898 2.681448 -0.160887
0.240000 0.024733 0.015646 0.407006 -0.035825 2.537953 -0.152277
0.240000 0.029053 0.014740 0.409534 -0.034761 2.390821 -0.143449
0.240000 0.033435 0.013861 0.411903 -0.033748 2.247831 -0.134870
0.240000 0.037877 0.013007 0.414106 -0.032776 2.108788 -0.126527
0.240000 0.042372 0.012178 0.416148 -0.031841 1.973536 -0.118412
0.240000 0.048064 0.011174 0.418479 -0.030721 1.809565 -0.108574
0.240000 0.053825 0.010206 0.420554 -0.029639 1.651206 -0.099072
0.240000 0.059650 0.009271 0.422376 -0.028584 1.498384 -0.089903
0.240000 0.065529 0.008371 0.423953 -0.027557 1.350944 -0.081057
0.240000 0.074527 0.007067 0.425891 -0.026043 1.137384 -0.068243
0.240000 0.083606 0.005835 0.427308 -0.024577 0.935719 -0.056143
0.240000 0.092742 0.004675 0.428239 -0.023162 0.745718 -0.044743
0.240000 0.101911 0.003582 0.428710 -0.021794 0.566834 -0.034010
0.240000 0.111898 0.002468 0.428729 -0.020350 0.384424 -0.023065
0.240000 0.121872 0.001428 0.428275 -0.018961 0.214322 -0.012859
0.240000 0.131812 0.000460 0.427389 -0.017628 0.055977 -0.003359
0.240000 0.141693 -0.000438 0.426099 -0.016345 -0.090971 0.005458
0.240000 0.152686 -0.001367 0.424213 -0.014970 -0.242821 0.014569
0.240000 0.163554 -0.002216 0.421905 -0.013660 -0.381559 0.022894
0.240000 0.174274 -0.002990 0.419209 -0.012405 -0.507747 0.030465
0.240000 0.184823 -0.003691 0.416176 -0.011217 -0.622103 0.037326
0.240000 0.195184 -0.004324 0.412840 -0.010090 -0.725282 0.043517
0.240000 0.205339 -0.004891 0.409238 -0.009026 -0.817819 0.049069
0.240000 0.215272 -0.005397 0.405415 -0.008034 -0.900322 0.054019
0.240000 0.224971 -0.005845 0.401381 -0.007093 -0.973333 0.058400
0.240000 0.233042 -0.006184 0.397797 -0.006327 -1.028404 0.061704
0.240000 0.240928 -0.006485 0.394104 -0.005599 -1.077281 0.064637
0.240000 0.248626 -0.006750 0.390311 -0.004904 -1.120312 0.067219
0.240000 0.256130 -0.006982 0.386441 -0.004248 -1.157773 0.069466
0.240000 0.262519 -0.007158 0.383015 -0.003709 -1.186160 0.071170
0.240000 0.268756 -0.007310 0.379548 -0.003197 -1.210752 0.072645
0.240000 0.274839 -0.007440 0.376051 -0.002712 -1.231723 0.073903
0.240000 0.280767 -0.007550 0.372530 -0.002251 -1.249270 0.074956
0.240000 0.287108 -0.007647 0.368637 -0.001771 -1.264831 0.075890
0.240000 0.293259 -0.007722 0.364734 -0.001319 -1.276686 0.076601
0.240000 0.299221 -0.007776 0.360831 -0.000894 -1.285067 0.077104
0.240000 0.304993 -0.007809 0.356934 -0.000497 -1.290179 0.077411
0.240000 0.311601 -0.007825 0.352329 -0.000058 -1.292290 0.077537
0.240000 0.317945 -0.007817 0.347756 0.000347 -1.290424 0.077425
0.240000 0.324026 -0.007786 0.343226 0.000719 -1.284899 0.077094
0.240000 0.329847 -0.007734 0.338750 0.001059 -1.276023 0.076561
0.240000 0.335413 -0.007664 0.334338 0.001370 -1.264092 0.075845
0.240000 0.340725 -0.007577 0.329996 0.001651 -1.249378 0.074963
0.240000 0.345790 -0.007474 0.325732 0.001905 -1.232146 0.073929
0.240000 0.350612 -0.007358 0.321553 0.002133 -1.212647 0.072759
0.240000 0.355616 -0.007216 0.317082 0.002355 -1.188976 0.071339
0.240000 0.360342 -0.007061 0.312724 0.002550 -1.163166 0.069790
0.240000 0.364797 -0.006895 0.308486 0.002720 -1.135495 0.068130
0.240000 0.368988 -0.006718 0.304371 0.002866 -1.106210 0.066373
0.240000 0.373019 -0.006529 0.300287 0.002992 -1.074785 0.064487
0.240000 0.376790 -0.006332 0.296341 0.003095 -1.042158 0.062529
0.240000 0.380311 -0.006129 0.292537 0.003176 -1.008533 0.060512
0.240000 0.383590 -0.005921 0.288875 0.003239 -0.974165 0.058450
0.240000 0.386459 -0.005723 0.285562 0.003282 -0.941348 0.056481
0.240000 0.389131 -0.005522 0.282376 0.003311 -0.908191 0.054491
0.240000 0.391614 -0.005321 0.279316 0.003328 -0.874876 0.052493
0.240000 0.393914 -0.005118 0.276380 0.003333 -0.841454 0.050487
0.240000 0.396016 -0.004918 0.273603 0.003326 -0.808434 0.048506
0.240000 0.397955 -0.004719 0.270947 0.003309 -0.775533 0.046532
0.240000 0.399737 -0.004521 0.268408 0.003284 -0.742789 0.044567
0.240000 0.401371 -0.004324 0.265989 0.003249 -0.710377 0.042623
0.240000 0.402506 -0.004178 0.264248 0.003217 -0.686313 0.041179
0.240000 0.403563 -0.004034 0.262571 0.003182 -0.662500 0.039750
0.240000 0.404546 -0.003891 0.260958 0.003142 -0.638974 0.038338
0.240000 0.405457 -0.003750 0.259407 0.003100 -0.615749 0.036945
0.240000 0.406300 -0.003611 0.257916 0.003055 -0.592836 0.035570
0.240000 0.407077 -0.003474 0.256486 0.003007 -0.570272 0.034216
0.240000 0.407790 -0.003339 0.255116 0.002958 -0.548076 0.032885
0.240000 0.408443 -0.003207 0.253803 0.002905 -0.526265 0.031576
0.240000 0.409206 -0.003038 0.252181 0.002834 -0.498514 0.029911
0.240000 0.409876 -0.002874 0.250653 0.002760 -0.471471 0.028288
0.240000 0.410459 -0.002714 0.249216 0.002683 -0.445158 0.026709
0.240000 0.410960 -0.002559 0.247865 0.002604 -0.419604 0.025176
0.240000 0.411494 -0.002365 0.246249 0.002500 -0.387783 0.023267
0.240000 0.411910 -0.002180 0.244767 0.002394 -0.357289 0.021437
0.240000 0.412219 -0.002003 0.243412 0.002287 -0.328168 0.019690
0.240000 0.412430 -0.001834 0.242179 0.002180 -0.300372 0.018022
0.240000 0.412530 -0.001712 0.241329 0.002100 -0.280347 0.016821
0.240000 0.412583 -0.001595 0.240541 0.002019 -0.261076 0.015665
0.240000 0.412592 -0.001482 0.239812 0.001940 -0.242524 0.014551
0.240000 0.412562 -0.001374 0.239141 0.001861 -0.224730 0.013484
0.240000 0.412496 -0.001270 0.238525 0.001782 -0.207700 0.012462
0.240000 0.412395 -0.001171 0.237962 0.001705 -0.191406 0.011484
0.240000 0.412265 -0.001076 0.237451 0.001626 -0.175859 0.010552
0.240000 0.412106 -0.000985 0.236986 0.001550 -0.161019 0.009661
0.240000 0.411946 -0.000909 0.236614 0.001486 -0.148546 0.008913
0.240000 0.411768 -0.000837 0.236274 0.001423 -0.136601 0.008196
0.240000 0.411574 -0.000767 0.235966 0.001362 -0.125170 0.007510
0.240000 0.411365 -0.000701 0.235688 0.001302 -0.114246 0.006855
0.240000 0.411166 -0.000643 0.235463 0.001247 -0.104831 0.006290
0.240000 0.410957 -0.000588 0.235261 0.001194 -0.095813 0.005749
0.240000 0.410739 -0.000536 0.235080 0.001142 -0.087183 0.005231
0.240000 0.410513 -0.000485 0.234919 0.001091 -0.078934 0.004736
0.240000 0.410253 -0.000432 0.234761 0.001036 -0.070146 0.004209
0.240000 0.409986 -0.000381 0.234626 0.000982 -0.061809 0.003709
0.240000 0.409712 -0.000333 0.234513 0.000930 -0.053913 0.003235
0.240000 0.409433 -0.000287 0.234420 0.000879 -0.046443 0.002787
0.240000 0.409034 -0.000227 0.234321 0.000811 -0.036638 0.002198
0.240000 0.408629 -0.000172 0.234257 0.000745 -0.027612 0.001657
0.240000 0.408220 -0.000121 0.234224 0.000683 -0.019326 0.001160
0.240000 0.407811 -0.000075 0.234220 0.000623 -0.011753 0.000705
0.240000 0.407511 -0.000044 0.234234 0.000581 -0.006644 0.000399
0.240000 0.407213 -0.000015 0.234260 0.000541 -0.001884 0.000113
0.240000 0.406916 0.000012 0.234299 0.000502 0.002537 -0.000152
0.240000 0.406621 0.000037 0.234349 0.000465 0.006637 -0.000398
0.240000 0.406329 0.000061 0.234408 0.000430 0.010430 -0.000626
0.240000 0.406041 0.000082 0.234476 0.000396 0.013928 -0.000836
0.240000 0.405756 0.000102 0.234553 0.000363 0.017143 -0.001029
0.240000 0.405475 0.000120 0.234637 0.000332 0.020087 -0.001205
0.240000 0.405148 0.000139 0.234746 0.000297 0.023250 -0.001395
0.240000 0.404827 0.000156 0.234864 0.000264 0.026068 -0.001564
0.240000 0.404514 0.000172 0.234989 0.000233 0.028563 -0.001714
0.240000 0.404209 0.000185 0.235121 0.000203 0.030749 -0.001845
0.240000 0.403893 0.000198 0.235267 0.000173 0.032770 -0.001966
0.240000 0.403586 0.000208 0.235418 0.000146 0.034481 -0.002069
0.240000 0.403289 0.000217 0.235573 0.000121 0.035897 -0.002154
0.240000 0.403003 0.000224 0.235731 0.000098 0.037052 -0.002223
0.240000 0.402743 0.000229 0.235881 0.000077 0.037911 -0.002275
0.240000 0.402494 0.000233 0.236032 0.000058 0.038572 -0.002314
0.240000 0.402253 0.000237 0.236184 0.000040 0.039066 -0.002344
0.240000 0.402022 0.000239 0.236337 0.000023 0.039380 -0.002363
0.240000 0.401811 0.000240 0.236481 0.000009 0.039525 -0.002372
0.240000 0.401609 0.000240 0.236624 -0.000004 0.039535 -0.002372
0.240000 0.401415 0.000239 0.236766 -0.000017 0.039402 -0.002364
0.240000 0.401230 0.000238 0.236907 -0.000028 0.039165 -0.002350
0.240000 0.401094 0.000236 0.237012 -0.000035 0.038929 -0.002336
0.240000 0.400962 0.000235 0.237117 -0.000042 0.038638 -0.002318
0.240000 0.400835 0.000233 0.237220 -0.000049 0.038299 -0.002298
0.240000 0.400713 0.000230 0.237322 -0.000055 0.037910 -0.002275
0.240000 0.400596 0.000228 0.237422 -0.000061 0.037474 -0.002248
0.240000 0.400482 0.000225 0.237521 -0.000066 0.036997 -0.002220
0.240000 0.400374 0.000222 0.237618 -0.000071 0.036483 -0.002189
0.240000 0.400269 0.000218 0.237714 -0.000076 0.035935 -0.002156
0.240000 0.400135 0.000214 0.237839 -0.000081 0.035152 -0.002109
0.240000 0.400009 0.000209 0.237961 -0.000086 0.034320 -0.002059
0.240000 0.399890 0.000203 0.238080 -0.000089 0.033444 -0.002007
0.240000 0.399778 0.000198 0.238195 -0.000093 0.032534 -0.001952
0.240000 0.399640 0.000190 0.238341 -0.000096 0.031275 -0.001877
0.240000 0.399513 0.000183 0.238481 -0.000099 0.029984 -0.001799
0.240000 0.399397 0.000175 0.238615 -0.000100 0.028682 -0.001721
0.240000 0.399292 0.000167 0.238742 -0.000102 0.027356 -0.001641
0.240000 0.399222 0.000161 0.238829 -0.000102 0.026388 -0.001583
0.240000 0.399157 0.000155 0.238913 -0.000102 0.025416 -0.001525
0.240000 0.399096 0.000149 0.238994 -0.000102 0.024429 -0.001466
0.240000 0.399041 0.000143 0.239072 -0.000102 0.023451 -0.001407
0.240000 0.398989 0.000137 0.239146 -0.000101 0.022490 -0.001349
0.240000 0.398942 0.000131 0.239216 -0.000100 0.021541 -0.001292
0.240000 0.398899 0.000126 0.239282 -0.000098 0.020615 -0.001237
0.240000 0.398859 0.000120 0.239346 -0.000095 0.019702 -0.001182
0.240000 0.398827 0.000115 0.239399 -0.000094 0.018904 -0.001134
0.240000 0.398798 0.000111 0.239451 -0.000093 0.018117 -0.001087
0.240000 0.398772 0.000106 0.239500 -0.000092 0.017342 -0.001041
0.240000 0.398748 0.000101 0.239547 -0.000091 0.016581 -0.000995
0.240000 0.398728 0.000097 0.239588 -0.000089 0.015890 -0.000953
0.240000 0.398709 0.000093 0.239628 -0.000087 0.015213 -0.000913
0.240000 0.398693 0.000089 0.239665 -0.000085 0.014549 -0.000873
0.240000 0.398678 0.000085 0.239701 -0.000083 0.013901 -0.000834
0.240000 0.398663 0.000081 0.239739 -0.000081 0.013178 -0.000791
0.240000 0.398650 0.000076 0.239776 -0.000079 0.012475 -0.000749
0.240000 0.398639 0.000072 0.239810 -0.000076 0.011793 -0.000708
0.240000 0.398629 0.000068 0.239843 -0.000074 0.011131 -0.000668
0.240000 0.398620 0.000063 0.239884 -0.000071 0.010272 -0.000616
0.240000 0.398613 0.000058 0.239921 -0.000068 0.009447 -0.000567
0.240000 0.398608 0.000053 0.239955 -0.000065 0.008650 -0.000519
0.240000 0.398606 0.000049 0.239986 -0.000062 0.007893 -0.000474
0.240000 0.398606 0.000045 0.240008 -0.000059 0.007322 -0.000439
0.240000 0.398607 0.000042 0.240028 -0.000057 0.006775 -0.000406
0.240000 0.398609 0.000039 0.240047 -0.000054 0.006259 -0.000376
0.240000 0.398612 0.000035 0.240064 -0.000051 0.005764 -0.000346
0.240000 0.398614 0.000034 0.240070 -0.000051 0.005592 -0.000335
0.240000 0.398615 0.000033 0.240075 -0.000050 0.005422 -0.000325
0.240000 0.398617 0.000032 0.240081 -0.000049 0.005255 -0.000315
0.240000 0.398618 0.000031 0.240086 -0.000049 0.005091 -0.000305
