0.220000 0.000000 0.000000 0.220000 0.000000 -6.096200 0.365772
0.220000 -0.000000 0.000000 0.219950 0.000050 -6.095173 0.365710
0.220000 -0.000000 0.000000 0.219900 0.000100 -6.094146 0.365649
0.220000 -0.000000 0.000000 0.219849 0.000149 -6.093119 0.365587
0.220000 -0.000000 0.000000 0.219799 0.000199 -6.092092 0.365526
0.220000 -0.000000 0.000000 0.219548 0.000448 -6.086959 0.365218
0.220000 -0.000000 0.000000 0.219298 0.000696 -6.081827 0.364910
0.220000 -0.000000 0.000000 0.219047 0.000945 -6.076697 0.364602
0.220000 -0.000000 0.000000 0.218797 0.001193 -6.071568 0.364294
0.220000 -0.000000 0.000000 0.217548 0.002430 -6.045944 0.362757
0.220000 -0.000001 0.000001 0.216306 0.003663 -6.020356 0.361221
0.220000 -0.000002 0.000002 0.215068 0.004890 -5.994804 0.359688
0.220000 -0.000002 0.000002 0.213835 0.006111 -5.969287 0.358157
0.220000 -0.000010 0.000010 0.207751 0.012143 -5.842238 0.350534
0.220000 -0.000022 0.000022 0.201795 0.018047 -5.716081 0.342965
0.220000 -0.000039 0.000039 0.195967 0.023826 -5.590816 0.335449
0.220000 -0.000061 0.000061 0.190264 0.029480 -5.466443 0.327987
0.220000 -0.000237 0.000235 0.163573 0.055945 -4.857983 0.291479
0.220000 -0.000514 0.000510 0.139776 0.079549 -4.271837 0.256310
0.220000 -0.000883 0.000876 0.118682 0.100487 -3.707931 0.222476
0.220000 -0.001332 0.001321 0.100107 0.118942 -3.166133 0.189968
0.220000 -0.002219 0.002201 0.074575 0.144359 -2.322458 0.139347
0.220000 -0.003257 0.003232 0.054675 0.164252 -1.536883 0.092213
0.220000 -0.004411 0.004379 0.039746 0.179283 -0.807880 0.048473
0.220000 -0.005650 0.005612 0.029182 0.190061 -0.133731 0.008024
0.220000 -0.007421 0.007379 0.020826 0.198884 0.698450 -0.041907
0.220000 -0.009241 0.009199 0.018284 0.202091 1.438513 -0.086311
0.220000 -0.011063 0.011028 0.020473 0.200760 2.092504 -0.125550
0.220000 -0.012847 0.012828 0.026437 0.195837 2.666348 -0.159981
0.220000 -0.014933 0.014947 0.037672 0.186113 3.268339 -0.196100
0.220000 -0.016877 0.016942 0.052098 0.173435 3.770769 -0.226246
0.220000 -0.018650 0.018788 0.068698 0.158796 4.184582 -0.251075
0.220000 -0.020231 0.020463 0.086621 0.143024 4.519556 -0.271173
0.220000 -0.021775 0.022145 0.107692 0.124597 4.815581 -0.288935
0.220000 -0.023053 0.023596 0.128896 0.106219 5.034978 -0.302099
0.220000 -0.024069 0.024820 0.149708 0.088382 5.189313 -0.311359
0.220000 -0.024829 0.025826 0.169706 0.071480 5.288494 -0.317310
0.220000 -0.025343 0.026630 0.188741 0.055662 5.341577 -0.320495
0.220000 -0.025625 0.027242 0.206521 0.041171 5.355931 -0.321356
0.220000 -0.025691 0.027680 0.222967 0.028061 5.338693 -0.320322
0.220000 -0.025557 0.027961 0.238028 0.016366 5.295974 -0.317758
0.220000 -0.025272 0.028095 0.250657 0.006845 5.238689 -0.314321
0.220000 -0.024846 0.028125 0.262161 -0.001552 5.167844 -0.310071
0.220000 -0.024292 0.028063 0.272598 -0.008893 5.086454 -0.305187
0.220000 -0.023623 0.027922 0.282022 -0.015242 4.997114 -0.299827
0.220000 -0.022915 0.027731 0.289840 -0.020260 4.909952 -0.294597
0.220000 -0.022129 0.027490 0.296923 -0.024571 4.819314 -0.289159
0.220000 -0.021269 0.027207 0.303332 -0.028239 4.726362 -0.283582
0.220000 -0.020345 0.026887 0.309123 -0.031324 4.632092 -0.277926
0.220000 -0.019017 0.026413 0.316000 -0.034641 4.505291 -0.270317
0.220000 -0.017596 0.025897 0.322004 -0.037158 4.378998 -0.262740
0.220000 -0.016095 0.025350 0.327261 -0.039003 4.254243 -0.255255
0.220000 -0.014523 0.024781 0.331876 -0.040286 4.131857 -0.247911
0.220000 -0.012487 0.024056 0.336847 -0.041235 3.984196 -0.239052
0.220000 -0.010369 0.023318 0.341144 -0.041637 3.841387 -0.230483
0.220000 -0.008180 0.022576 0.344909 -0.041631 3.703489 -0.222209
0.220000 -0.005927 0.021838 0.348248 -0.041323 3.570605 -0.214236
0.220000 -0.002185 0.020668 0.352958 -0.040417 3.367290 -0.202037
0.220000 0.001685 0.019528 0.357071 -0.039222 3.174770 -0.190486
0.220000 0.005671 0.018421 0.360762 -0.037899 2.990783 -0.179447
0.220000 0.009757 0.017351 0.364144 -0.036555 2.815245 -0.168915
0.220000 0.013277 0.016480 0.366816 -0.035458 2.673566 -0.160414
0.220000 0.016860 0.015635 0.369344 -0.034408 2.536412 -0.152185
0.220000 0.020502 0.014815 0.371732 -0.033402 2.403309 -0.144199
0.220000 0.024201 0.014018 0.373990 -0.032448 2.273967 -0.136438
0.220000 0.028271 0.013180 0.376301 -0.031474 2.137735 -0.128264
0.220000 0.032398 0.012367 0.378459 -0.030546 2.005371 -0.120322
0.220000 0.036581 0.011577 0.380457 -0.029653 1.876719 -0.112603
0.220000 0.040814 0.010811 0.382301 -0.028793 1.751642 -0.105099
0.220000 0.046237 0.009873 0.384415 -0.027747 1.598293 -0.095898
0.220000 0.051725 0.008969 0.386281 -0.026735 1.450399 -0.087024
0.220000 0.057272 0.008098 0.387899 -0.025747 1.307891 -0.078473
0.220000 0.062868 0.007259 0.389281 -0.024784 1.170617 -0.070237
0.220000 0.072040 0.005964 0.391034 -0.023264 0.958511 -0.057511
0.220000 0.081291 0.004750 0.392218 -0.021797 0.759636 -0.045578
0.220000 0.090590 0.003614 0.392878 -0.020393 0.573693 -0.034422
0.220000 0.099911 0.002553 0.393044 -0.019039 0.399965 -0.023998
0.220000 0.109006 0.001585 0.392754 -0.017759 0.241685 -0.014501
0.220000 0.118076 0.000684 0.392059 -0.016526 0.094260 -0.005656
0.220000 0.127099 -0.000154 0.390991 -0.015342 -0.042848 0.002571
0.220000 0.136057 -0.000931 0.389578 -0.014204 -0.169898 0.010194
0.220000 0.146462 -0.001768 0.387524 -0.012934 -0.306718 0.018403
0.220000 0.156727 -0.002528 0.385077 -0.011726 -0.430930 0.025856
0.220000 0.166831 -0.003216 0.382271 -0.010570 -0.543023 0.032581
0.220000 0.176751 -0.003835 0.379160 -0.009482 -0.643860 0.038632
0.220000 0.183883 -0.004246 0.376716 -0.008730 -0.710955 0.042657
0.220000 0.190902 -0.004624 0.374136 -0.008007 -0.772567 0.046354
0.220000 0.197801 -0.004970 0.371439 -0.007317 -0.828946 0.049737
0.220000 0.204575 -0.005285 0.368632 -0.006655 -0.880287 0.052817
0.220000 0.211221 -0.005571 0.365726 -0.006019 -0.926785 0.055607
0.220000 0.217734 -0.005829 0.362736 -0.005412 -0.968682 0.058121
0.220000 0.224110 -0.006060 0.359672 -0.004833 -1.006198 0.060372
0.220000 0.230346 -0.006266 0.356544 -0.004281 -1.039533 0.062372
0.220000 0.237742 -0.006483 0.352668 -0.003646 -1.074751 0.064485
0.220000 0.244923 -0.006667 0.348729 -0.003050 -1.104429 0.066266
0.220000 0.251887 -0.006819 0.344742 -0.002490 -1.128894 0.067734
0.220000 0.258630 -0.006941 0.340721 -0.001967 -1.148489 0.068909
0.220000 0.266905 -0.007057 0.335567 -0.001348 -1.166885 0.070013
0.220000 0.274818 -0.007131 0.330406 -0.000783 -1.178511 0.070711
0.220000 0.282371 -0.007168 0.325260 -0.000268 -1.183995 0.071040
0.220000 0.289565 -0.007170 0.320150 0.000199 -1.183840 0.071030
0.220000 0.294082 -0.007154 0.316831 0.000481 -1.180923 0.070855
0.220000 0.298448 -0.007126 0.313541 0.000744 -1.175970 0.070558
0.220000 0.302664 -0.007086 0.310283 0.000988 -1.169110 0.070147
0.220000 0.306732 -0.007036 0.307062 0.001216 -1.160489 0.069629
0.220000 0.310652 -0.006975 0.303882 0.001426 -1.150241 0.069014
0.220000 0.314428 -0.006905 0.300746 0.001620 -1.138479 0.068309
0.220000 0.318061 -0.006827 0.297656 0.001799 -1.125321 0.067519
0.220000 0.321553 -0.006740 0.294617 0.001963 -1.110880 0.066653
0.220000 0.325845 -0.006619 0.290781 0.002153 -1.090574 0.065434
0.220000 0.329914 -0.006487 0.287037 0.002322 -1.068542 0.064113
0.220000 0.333764 -0.006345 0.283388 0.002470 -1.044994 0.062700
0.220000 0.337402 -0.006195 0.279839 0.002599 -1.020121 0.061207
0.220000 0.341844 -0.005989 0.275357 0.002739 -0.985952 0.059157
0.220000 0.345947 -0.005774 0.271054 0.002851 -0.950206 0.057012
0.220000 0.349726 -0.005550 0.266935 0.002935 -0.913212 0.054793
0.220000 0.353193 -0.005321 0.263001 0.002994 -0.875337 0.052520
0.220000 0.356452 -0.005081 0.259147 0.003035 -0.835618 0.050137
0.220000 0.359413 -0.004839 0.255492 0.003052 -0.795640 0.047738
0.220000 0.362092 -0.004598 0.252037 0.003048 -0.755849 0.045351
0.220000 0.364505 -0.004356 0.248770 0.003034 -0.716084 0.042965
0.220000 0.365618 -0.004236 0.247202 0.003023 -0.696132 0.041768
0.220000 0.366670 -0.004116 0.245685 0.003007 -0.676305 0.040578
0.220000 0.367663 -0.003997 0.244215 0.002986 -0.656601 0.039396
0.220000 0.368598 -0.003878 0.242792 0.002962 -0.637067 0.038224
0.220000 0.369477 -0.003761 0.241417 0.002934 -0.617738 0.037064
0.220000 0.370303 -0.003645 0.240087 0.002904 -0.598603 0.035916
0.220000 0.371076 -0.003530 0.238802 0.002871 -0.579675 0.034780
0.220000 0.371800 -0.003416 0.237561 0.002836 -0.560969 0.033658
0.220000 0.372630 -0.003277 0.236080 0.002790 -0.538072 0.032284
0.220000 0.373390 -0.003141 0.234665 0.002741 -0.515562 0.030934
0.220000 0.374081 -0.003007 0.233315 0.002690 -0.493467 0.029608
0.220000 0.374706 -0.002875 0.232027 0.002636 -0.471802 0.028308
0.220000 0.375726 -0.002633 0.229755 0.002526 -0.431960 0.025918
0.220000 0.376542 -0.002401 0.227690 0.002413 -0.393813 0.023629
0.220000 0.377174 -0.002180 0.225820 0.002301 -0.357390 0.021443
0.220000 0.377640 -0.001970 0.224144 0.002182 -0.322824 0.019369
0.220000 0.377786 -0.001888 0.223514 0.002131 -0.309275 0.018557
0.220000 0.377909 -0.001807 0.222912 0.002080 -0.296042 0.017763
0.220000 0.378009 -0.001728 0.222339 0.002029 -0.283125 0.016988
0.220000 0.378088 -0.001652 0.221792 0.001979 -0.270522 0.016231
0.220000 0.378147 -0.001577 0.221272 0.001929 -0.258227 0.015494
0.220000 0.378186 -0.001504 0.220777 0.001880 -0.246244 0.014775
0.220000 0.378207 -0.001433 0.220308 0.001830 -0.234575 0.014074
0.220000 0.378210 -0.001364 0.219863 0.001781 -0.223216 0.013393
0.220000 0.378181 -0.001258 0.219205 0.001703 -0.205792 0.012348
0.220000 0.378114 -0.001156 0.218605 0.001627 -0.189145 0.011349
0.220000 0.378013 -0.001060 0.218058 0.001551 -0.173261 0.010396
0.220000 0.377879 -0.000968 0.217564 0.001477 -0.158132 0.009488
0.220000 0.377710 -0.000876 0.217101 0.001401 -0.143172 0.008590
0.220000 0.377513 -0.000790 0.216689 0.001326 -0.128998 0.007740
0.220000 0.377291 -0.000708 0.216325 0.001253 -0.115593 0.006936
0.220000 0.377048 -0.000631 0.216005 0.001181 -0.102940 0.006176
0.220000 0.376786 -0.000559 0.215727 0.001112 -0.091013 0.005461
0.220000 0.376507 -0.000490 0.215488 0.001045 -0.079797 0.004788
0.220000 0.376215 -0.000426 0.215285 0.000981 -0.069276 0.004157
0.220000 0.375911 -0.000366 0.215116 0.000919 -0.059415 0.003565
0.220000 0.375635 -0.000316 0.214995 0.000866 -0.051279 0.003077
0.220000 0.375354 -0.000270 0.214896 0.000814 -0.043623 0.002617
0.220000 0.375067 -0.000226 0.214820 0.000763 -0.036423 0.002185
0.220000 0.374777 -0.000184 0.214764 0.000715 -0.029677 0.001781
0.220000 0.374513 -0.000149 0.214729 0.000673 -0.023953 0.001437
0.220000 0.374246 -0.000117 0.214708 0.000632 -0.018572 0.001114
0.220000 0.373979 -0.000086 0.214701 0.000593 -0.013527 0.000812
0.220000 0.373713 -0.000057 0.214706 0.000555 -0.008801 0.000528
0.220000 0.373392 -0.000025 0.214728 0.000511 -0.003520 0.000211
0.220000 0.373074 0.000005 0.214765 0.000469 0.001335 -0.000080
0.220000 0.372758 0.000032 0.214815 0.000429 0.005791 -0.000347
0.220000 0.372445 0.000057 0.214878 0.000391 0.009857 -0.000591
0.220000 0.372172 0.000077 0.214944 0.000359 0.013147 -0.000789
0.220000 0.371902 0.000096 0.215018 0.000329 0.016159 -0.000970
0.220000 0.371637 0.000113 0.215100 0.000299 0.018905 -0.001134
0.220000 0.371376 0.000128 0.215188 0.000271 0.021399 -0.001284
0.220000 0.371120 0.000142 0.215282 0.000244 0.023657 -0.001419
0.220000 0.370869 0.000154 0.215381 0.000219 0.025687 -0.001541
0.220000 0.370624 0.000165 0.215484 0.000196 0.027502 -0.001650
0.220000 0.370384 0.000175 0.215591 0.000173 0.029113 -0.001747
0.220000 0.370133 0.000185 0.215710 0.000151 0.030630 -0.001838
0.220000 0.369888 0.000193 0.215833 0.000129 0.031935 -0.001916
0.220000 0.369651 0.000200 0.215958 0.000108 0.033045 -0.001983
0.220000 0.369421 0.000205 0.216086 0.000089 0.033967 -0.002038
0.220000 0.369185 0.000210 0.216223 0.000070 0.034757 -0.002085
0.220000 0.368957 0.000214 0.216361 0.000053 0.035363 -0.002122
0.220000 0.368738 0.000217 0.216499 0.000037 0.035794 -0.002148
0.220000 0.368527 0.000219 0.216637 0.000022 0.036072 -0.002164
0.220000 0.368318 0.000219 0.216780 0.000008 0.036208 -0.002172
0.220000 0.368117 0.000220 0.216922 -0.000005 0.036204 -0.002172
0.220000 0.367926 0.000219 0.217063 -0.000017 0.036087 -0.002165
0.220000 0.367743 0.000217 0.217203 -0.000028 0.035846 -0.002151
0.220000 0.367554 0.000215 0.217352 -0.000038 0.035472 -0.002128
0.220000 0.367375 0.000212 0.217498 -0.000047 0.034971 -0.002098
0.220000 0.367206 0.000209 0.217644 -0.000057 0.034319 -0.002059
0.220000 0.367047 0.000204 0.217784 -0.000065 0.033592 -0.002016
0.220000 0.366959 0.000202 0.217863 -0.000068 0.033160 -0.001990
0.220000 0.366875 0.000199 0.217940 -0.000071 0.032704 -0.001962
0.220000 0.366793 0.000196 0.218017 -0.000074 0.032227 -0.001934
0.220000 0.366715 0.000193 0.218092 -0.000076 0.031728 -0.001904
0.220000 0.366639 0.000190 0.218166 -0.000079 0.031205 -0.001872
0.220000 0.366567 0.000186 0.218239 -0.000082 0.030665 -0.001840
0.220000 0.366497 0.000183 0.218310 -0.000084 0.030110 -0.001807
0.220000 0.366430 0.000180 0.218380 -0.000086 0.029542 -0.001773
0.220000 0.366343 0.000175 0.218472 -0.000088 0.028747 -0.001725
0.220000 0.366262 0.000170 0.218562 -0.000090 0.027935 -0.001676
0.220000 0.366185 0.000165 0.218648 -0.000091 0.027107 -0.001626
0.220000 0.366113 0.000160 0.218732 -0.000092 0.026269 -0.001576
0.220000 0.366029 0.000154 0.218833 -0.000093 0.025213 -0.001513
0.220000 0.365952 0.000147 0.218929 -0.000094 0.024152 -0.001449
0.220000 0.365881 0.000141 0.219020 -0.000093 0.023092 -0.001386
0.220000 0.365817 0.000134 0.219107 -0.000093 0.022035 -0.001322
0.220000 0.365758 0.000128 0.219189 -0.000092 0.020984 -0.001259
0.220000 0.365705 0.000122 0.219267 -0.000090 0.019944 -0.001197
0.220000 0.365658 0.000115 0.219342 -0.000090 0.018915 -0.001135
0.220000 0.365615 0.000109 0.219412 -0.000089 0.017901 -0.001074
0.220000 0.365588 0.000105 0.219457 -0.000088 0.017219 -0.001033
0.220000 0.365563 0.000101 0.219501 -0.000086 0.016549 -0.000993
0.220000 0.365541 0.000097 0.219542 -0.000084 0.015889 -0.000953
0.220000 0.365520 0.000093 0.219582 -0.000083 0.015241 -0.000914
0.220000 0.365501 0.000089 0.219620 -0.000081 0.014606 -0.000876
0.220000 0.365484 0.000085 0.219656 -0.000079 0.013982 -0.000839
0.220000 0.365469 0.000082 0.219691 -0.000078 0.013372 -0.000802
0.220000 0.365455 0.000078 0.219724 -0.000076 0.012774 -0.000766
0.220000 0.365439 0.000073 0.219766 -0.000074 0.011984 -0.000719
0.220000 0.365425 0.000069 0.219806 -0.000071 0.011218 -0.000673
0.220000 0.365414 0.000064 0.219843 -0.000069 0.010475 -0.000628
0.220000 0.365405 0.000060 0.219877 -0.000066 0.009760 -0.000586
0.220000 0.365399 0.000056 0.219907 -0.000064 0.009117 -0.000547
0.220000 0.365394 0.000052 0.219934 -0.000062 0.008499 -0.000510
0.220000 0.365391 0.000049 0.219959 -0.000059 0.007908 -0.000474
0.220000 0.365389 0.000045 0.219983 -0.000057 0.007340 -0.000440
0.220000 0.365389 0.000042 0.220004 -0.000054 0.006793 -0.000408
0.220000 0.365389 0.000039 0.220024 -0.000052 0.006269 -0.000376
0.220000 0.365391 0.000036 0.220042 -0.000050 0.005765 -0.000346
0.220000 0.365394 0.000033 0.220059 -0.000048 0.005284 -0.000317
0.220000 0.365396 0.000032 0.220064 -0.000047 0.005124 -0.000307
0.220000 0.365397 0.000031 0.220069 -0.000046 0.004968 -0.000298
0.220000 0.365399 0.000030 0.220074 -0.000045 0.004815 -0.000289
0.220000 0.365400 0.000029 0.220079 -0.000045 0.004664 -0.000280
