0.680000 0.000000 0.000000 0.680000 0.000000 -18.842800 1.130568
0.680000 -0.000000 0.000000 0.679950 0.000050 -18.841773 1.130506
0.680000 -0.000000 0.000000 0.679900 0.000100 -18.840746 1.130445
0.680000 -0.000000 0.000000 0.679849 0.000149 -18.839719 1.130383
0.680000 -0.000000 0.000000 0.679799 0.000199 -18.838692 1.130322
0.680000 -0.000000 0.000000 0.679548 0.000448 -18.833558 1.130013
0.680000 -0.000000 0.000000 0.679297 0.000697 -18.828423 1.129705
0.680000 -0.000000 0.000000 0.679046 0.000946 -18.823290 1.129397
0.680000 -0.000000 0.000000 0.678795 0.001194 -18.818157 1.129089
0.680000 -0.000000 0.000000 0.677542 0.002437 -18.792498 1.127550
0.680000 -0.000000 0.000000 0.676290 0.003678 -18.766851 1.126011
0.680000 -0.000001 0.000001 0.675040 0.004917 -18.741215 1.124473
0.680000 -0.000001 0.000001 0.673792 0.006155 -18.715591 1.122935
0.680000 -0.000003 0.000003 0.667575 0.012317 -18.587643 1.115259
0.680000 -0.000007 0.000007 0.661402 0.018437 -18.459983 1.107599
0.680000 -0.000013 0.000013 0.655270 0.024516 -18.332611 1.099957
0.680000 -0.000020 0.000020 0.649181 0.030553 -18.205527 1.092332
0.680000 -0.000080 0.000080 0.619359 0.060117 -17.574437 1.054466
0.680000 -0.000179 0.000177 0.590562 0.088667 -16.950565 1.017034
0.680000 -0.000314 0.000312 0.562768 0.116223 -16.333916 0.980035
0.680000 -0.000486 0.000481 0.535956 0.142808 -15.724496 0.943470
0.680000 -0.001453 0.001440 0.441784 0.236208 -13.452511 0.807151
0.680000 -0.002860 0.002836 0.360634 0.316753 -11.286950 0.677217
0.680000 -0.004646 0.004607 0.291444 0.385515 -9.227379 0.553643
0.680000 -0.006751 0.006697 0.233215 0.443499 -7.273102 0.436386
0.680000 -0.010322 0.010243 0.165481 0.511217 -4.585521 0.275131
0.680000 -0.014323 0.014221 0.116725 0.560379 -2.118240 0.127094
0.680000 -0.018624 0.018503 0.084401 0.593528 0.136320 -0.008179
0.680000 -0.023111 0.022979 0.066156 0.613021 2.187320 -0.131239
0.680000 -0.029118 0.028989 0.059966 0.621474 4.588084 -0.275285
0.680000 -0.035105 0.035003 0.070030 0.614357 6.685102 -0.401106
0.680000 -0.040935 0.040893 0.092647 0.595333 8.507302 -0.510438
0.680000 -0.046497 0.046553 0.124633 0.567549 10.081546 -0.604893
0.680000 -0.052601 0.052828 0.170799 0.527062 11.654073 -0.699244
0.680000 -0.058140 0.058607 0.223010 0.481234 12.957686 -0.777461
0.680000 -0.063065 0.063850 0.278704 0.432547 14.027130 -0.841628
0.680000 -0.067341 0.068527 0.335897 0.382910 14.890133 -0.893408
0.680000 -0.071364 0.073109 0.400323 0.327565 15.644568 -0.938674
0.680000 -0.074564 0.076988 0.463456 0.274014 16.199444 -0.971967
0.680000 -0.076967 0.080198 0.524344 0.223109 16.581897 -0.994914
0.680000 -0.078602 0.082771 0.582284 0.175470 16.814533 -1.008872
0.680000 -0.079550 0.084887 0.641237 0.127952 16.920598 -1.015236
0.680000 -0.079703 0.086369 0.695963 0.084847 16.898635 -1.013918
0.680000 -0.079123 0.087283 0.746359 0.046176 16.770334 -1.006220
0.680000 -0.077870 0.087687 0.792351 0.011940 16.554871 -0.993292
0.680000 -0.076212 0.087663 0.830005 -0.015152 16.300663 -0.978040
0.680000 -0.074102 0.087318 0.864254 -0.038903 16.001526 -0.960092
0.680000 -0.071582 0.086695 0.895249 -0.059496 15.667770 -0.940066
0.680000 -0.068691 0.085832 0.923136 -0.077106 15.308531 -0.918512
0.680000 -0.065408 0.084744 0.948485 -0.092151 14.925245 -0.895515
0.680000 -0.061818 0.083480 0.971029 -0.104566 14.531054 -0.871863
0.680000 -0.057957 0.082073 0.991007 -0.114602 14.131965 -0.847918
0.680000 -0.053855 0.080552 1.008636 -0.122491 13.733013 -0.823981
0.680000 -0.048598 0.078589 1.027177 -0.129503 13.255237 -0.795314
0.680000 -0.043074 0.076537 1.043029 -0.134143 12.788676 -0.767321
0.680000 -0.037322 0.074428 1.056600 -0.136825 12.336772 -0.740206
0.680000 -0.031375 0.072291 1.068236 -0.137898 11.901959 -0.714118
0.680000 -0.024061 0.069735 1.080029 -0.137511 11.407434 -0.684446
0.680000 -0.016546 0.067199 1.090049 -0.135803 10.938732 -0.656324
0.680000 -0.008857 0.064702 1.098726 -0.133193 10.494451 -0.629667
0.680000 -0.001017 0.062260 1.106391 -0.130002 10.073334 -0.604400
0.680000 0.010529 0.058854 1.116242 -0.124920 9.503471 -0.570208
0.680000 0.022326 0.055584 1.125115 -0.119688 8.969563 -0.538174
0.680000 0.034362 0.052442 1.133323 -0.114575 8.463525 -0.507812
0.680000 0.046613 0.049432 1.141126 -0.109814 7.982154 -0.478929
0.680000 0.057054 0.047005 1.147482 -0.106185 7.595047 -0.455703
0.680000 0.067636 0.044655 1.153632 -0.102844 7.219995 -0.433200
0.680000 0.078354 0.042377 1.159552 -0.099751 6.855470 -0.411328
0.680000 0.089204 0.040166 1.165243 -0.096894 6.500420 -0.390025
0.680000 0.101482 0.037767 1.171327 -0.093954 6.113684 -0.366821
0.680000 0.113908 0.035440 1.177057 -0.091207 5.737118 -0.344227
0.680000 0.126474 0.033179 1.182395 -0.088600 5.370360 -0.322222
0.680000 0.139169 0.030983 1.187334 -0.086111 5.013024 -0.300781
0.680000 0.156024 0.028190 1.193204 -0.082985 4.557446 -0.273447
0.680000 0.173060 0.025499 1.198347 -0.079967 4.117715 -0.247063
0.680000 0.190253 0.022908 1.202763 -0.077029 3.693893 -0.221634
0.680000 0.207581 0.020412 1.206472 -0.074159 3.285496 -0.197130
0.680000 0.233017 0.016940 1.210625 -0.070056 2.717307 -0.163038
0.680000 0.258620 0.013664 1.213408 -0.066080 2.181001 -0.130860
0.680000 0.284321 0.010579 1.214943 -0.062270 1.675969 -0.100558
0.680000 0.310066 0.007676 1.215263 -0.058576 1.200710 -0.072043
0.680000 0.333626 0.005170 1.214526 -0.055261 0.790768 -0.047446
0.680000 0.357133 0.002807 1.212905 -0.052051 0.404441 -0.024266
0.680000 0.380551 0.000583 1.210458 -0.048945 0.040846 -0.002451
0.680000 0.403844 -0.001506 1.207239 -0.045944 -0.300687 0.018041
0.680000 0.439061 -0.004446 1.200955 -0.041558 -0.781209 0.046873
0.680000 0.473804 -0.007098 1.193176 -0.037409 -1.214531 0.072872
0.680000 0.507976 -0.009477 1.184080 -0.033504 -1.602667 0.096160
0.680000 0.541497 -0.011601 1.173825 -0.029835 -1.949268 0.116956
0.680000 0.573488 -0.013442 1.162795 -0.026424 -2.249105 0.134946
0.680000 0.604728 -0.015068 1.150942 -0.023235 -2.514009 0.150841
0.680000 0.635170 -0.016494 1.138433 -0.020307 -2.747405 0.164844
0.680000 0.664769 -0.017731 1.125260 -0.017518 -2.949292 0.176957
0.680000 0.680699 -0.018336 1.117738 -0.016019 -3.047049 0.182823
0.680000 0.696356 -0.018887 1.110095 -0.014593 -3.136338 0.188180
0.680000 0.711734 -0.019389 1.102335 -0.013225 -3.217443 0.193047
0.680000 0.726832 -0.019843 1.094477 -0.011918 -3.290753 0.197445
0.680000 0.741644 -0.020250 1.086536 -0.010669 -3.356633 0.201398
0.680000 0.756168 -0.020613 1.078517 -0.009471 -3.415296 0.204918
0.680000 0.770401 -0.020934 1.070433 -0.008322 -3.467010 0.208021
0.680000 0.784342 -0.021214 1.062298 -0.007221 -3.512072 0.210724
0.680000 0.802344 -0.021526 1.051466 -0.005833 -3.561966 0.213718
0.680000 0.819827 -0.021773 1.040592 -0.004523 -3.601304 0.216078
0.680000 0.836791 -0.021959 1.029700 -0.003292 -3.630704 0.217842
0.680000 0.853234 -0.022089 1.018814 -0.002135 -3.650755 0.219045
0.680000 0.872720 -0.022174 1.005482 -0.000812 -3.663419 0.219805
0.680000 0.891426 -0.022186 0.992229 0.000408 -3.663880 0.219833
0.680000 0.909358 -0.022128 0.979087 0.001530 -3.653131 0.219188
0.680000 0.926523 -0.022008 0.966089 0.002557 -3.632082 0.217925
0.680000 0.940934 -0.021855 0.954847 0.003381 -3.605890 0.216353
0.680000 0.954771 -0.021662 0.943755 0.004138 -3.573067 0.214384
0.680000 0.968042 -0.021431 0.932828 0.004832 -3.534146 0.212049
0.680000 0.980756 -0.021166 0.922079 0.005465 -3.489668 0.209380
0.680000 0.996200 -0.020783 0.908631 0.006190 -3.425564 0.205534
0.680000 1.010772 -0.020356 0.895518 0.006827 -3.354190 0.201251
0.680000 1.024494 -0.019889 0.882761 0.007380 -3.276491 0.196589
0.680000 1.037392 -0.019389 0.870375 0.007856 -3.193296 0.191598
0.680000 1.048961 -0.018884 0.858908 0.008243 -3.109477 0.186569
0.680000 1.059822 -0.018357 0.847802 0.008568 -3.022037 0.181322
0.680000 1.069999 -0.017811 0.837061 0.008838 -2.931552 0.175893
0.680000 1.079514 -0.017251 0.826697 0.009053 -2.838650 0.170319
0.680000 1.088392 -0.016678 0.816710 0.009220 -2.743882 0.164633
0.680000 1.096657 -0.016097 0.807105 0.009339 -2.647714 0.158863
0.680000 1.104331 -0.015509 0.797890 0.009407 -2.550624 0.153037
0.680000 1.111439 -0.014918 0.789053 0.009439 -2.453015 0.147181
0.680000 1.117504 -0.014373 0.781247 0.009440 -2.362966 0.141778
0.680000 1.123128 -0.013828 0.773758 0.009414 -2.273064 0.136384
0.680000 1.128330 -0.013286 0.766578 0.009370 -2.183580 0.131015
0.680000 1.133127 -0.012748 0.759711 0.009300 -2.094708 0.125682
0.680000 1.137054 -0.012275 0.753888 0.009215 -2.016639 0.120998
0.680000 1.140689 -0.011806 0.748303 0.009114 -1.939377 0.116363
0.680000 1.144045 -0.011343 0.742955 0.008995 -1.863012 0.111781
0.680000 1.147132 -0.010886 0.737837 0.008865 -1.787703 0.107262
0.680000 1.149978 -0.010434 0.732917 0.008725 -1.713176 0.102791
0.680000 1.152577 -0.009989 0.728220 0.008575 -1.639890 0.098393
0.680000 1.154940 -0.009552 0.723742 0.008416 -1.567956 0.094077
0.680000 1.157078 -0.009124 0.719478 0.008248 -1.497416 0.089845
0.680000 1.159523 -0.008584 0.714285 0.008020 -1.408576 0.084515
0.680000 1.161635 -0.008060 0.709427 0.007781 -1.322287 0.079337
0.680000 1.163435 -0.007552 0.704892 0.007536 -1.238593 0.074316
0.680000 1.164945 -0.007060 0.700673 0.007282 -1.157679 0.069461
0.680000 1.165873 -0.006713 0.697793 0.007092 -1.100601 0.066036
0.680000 1.166666 -0.006375 0.695068 0.006901 -1.045037 0.062702
0.680000 1.167331 -0.006047 0.692493 0.006708 -0.991018 0.059461
0.680000 1.167875 -0.005727 0.690064 0.006514 -0.938532 0.056312
0.680000 1.168305 -0.005417 0.687774 0.006320 -0.887572 0.053254
0.680000 1.168628 -0.005117 0.685621 0.006126 -0.838158 0.050290
0.680000 1.168850 -0.004826 0.683599 0.005933 -0.790292 0.047418
0.680000 1.168978 -0.004544 0.681705 0.005740 -0.743969 0.044638
0.680000 1.169012 -0.004187 0.679397 0.005487 -0.685321 0.041119
0.680000 1.168905 -0.003846 0.677292 0.005236 -0.629314 0.037759
0.680000 1.168671 -0.003521 0.675380 0.004987 -0.575910 0.034555
0.680000 1.168321 -0.003212 0.673651 0.004742 -0.525093 0.031506
0.680000 1.167810 -0.002885 0.671931 0.004474 -0.471522 0.028291
0.680000 1.167184 -0.002578 0.670411 0.004213 -0.421049 0.025263
0.680000 1.166458 -0.002289 0.669076 0.003961 -0.373655 0.022419
0.680000 1.165643 -0.002018 0.667916 0.003717 -0.329141 0.019748
0.680000 1.164856 -0.001791 0.667027 0.003505 -0.292017 0.017521
0.680000 1.164017 -0.001578 0.666260 0.003298 -0.257028 0.015422
0.680000 1.163133 -0.001377 0.665606 0.003097 -0.223984 0.013439
0.680000 1.162211 -0.001189 0.665061 0.002900 -0.193039 0.011582
0.680000 1.161379 -0.001034 0.664664 0.002735 -0.167678 0.010061
0.680000 1.160528 -0.000888 0.664337 0.002576 -0.143791 0.008627
0.680000 1.159660 -0.000751 0.664082 0.002418 -0.121429 0.007286
0.680000 1.158781 -0.000622 0.663885 0.002268 -0.100407 0.006024
0.680000 1.158127 -0.000533 0.663774 0.002164 -0.085693 0.005142
0.680000 1.157469 -0.000447 0.663695 0.002061 -0.071679 0.004301
0.680000 1.156808 -0.000366 0.663644 0.001962 -0.058340 0.003500
0.680000 1.156146 -0.000289 0.663620 0.001864 -0.045669 0.002740
0.680000 1.155484 -0.000215 0.663623 0.001768 -0.033654 0.002019
0.680000 1.154822 -0.000146 0.663649 0.001675 -0.022267 0.001336
0.680000 1.154162 -0.000080 0.663698 0.001585 -0.011486 0.000689
0.680000 1.153504 -0.000017 0.663769 0.001498 -0.001294 0.000078
0.680000 1.152657 0.000058 0.663889 0.001389 0.011058 -0.000663
0.680000 1.151817 0.000128 0.664039 0.001284 0.022493 -0.001350
0.680000 1.150986 0.000193 0.664218 0.001184 0.033047 -0.001983
0.680000 1.150164 0.000252 0.664422 0.001088 0.042759 -0.002566
0.680000 1.149171 0.000319 0.664705 0.000976 0.053593 -0.003216
0.680000 1.148197 0.000378 0.665019 0.000871 0.063280 -0.003797
0.680000 1.147245 0.000431 0.665360 0.000772 0.071889 -0.004313
0.680000 1.146315 0.000477 0.665724 0.000678 0.079479 -0.004769
0.680000 1.145409 0.000518 0.666108 0.000591 0.086111 -0.005167
0.680000 1.144528 0.000553 0.666510 0.000509 0.091846 -0.005511
0.680000 1.143673 0.000584 0.666926 0.000431 0.096740 -0.005804
0.680000 1.142846 0.000609 0.667353 0.000359 0.100849 -0.006051
0.680000 1.142128 0.000628 0.667744 0.000298 0.103913 -0.006235
0.680000 1.141433 0.000644 0.668139 0.000242 0.106428 -0.006386
0.680000 1.140760 0.000656 0.668537 0.000191 0.108427 -0.006506
0.680000 1.140111 0.000666 0.668938 0.000142 0.109950 -0.006597
0.680000 1.139567 0.000672 0.669286 0.000103 0.110911 -0.006655
0.680000 1.139041 0.000676 0.669635 0.000066 0.111559 -0.006694
0.680000 1.138532 0.000678 0.669982 0.000031 0.111916 -0.006715
0.680000 1.138040 0.000679 0.670328 -0.000002 0.111998 -0.006720
0.680000 1.137547 0.000678 0.670686 -0.000033 0.111810 -0.006709
0.680000 1.137072 0.000676 0.671040 -0.000062 0.111366 -0.006682
0.680000 1.136615 0.000672 0.671390 -0.000089 0.110684 -0.006641
0.680000 1.136177 0.000666 0.671736 -0.000113 0.109784 -0.006587
0.680000 1.135600 0.000657 0.672207 -0.000144 0.108211 -0.006493
0.680000 1.135056 0.000646 0.672667 -0.000172 0.106303 -0.006378
0.680000 1.134545 0.000633 0.673115 -0.000195 0.104111 -0.006247
0.680000 1.134066 0.000618 0.673550 -0.000215 0.101658 -0.006099
0.680000 1.133760 0.000607 0.673837 -0.000227 0.099867 -0.005992
0.680000 1.133467 0.000596 0.674118 -0.000238 0.097985 -0.005879
0.680000 1.133188 0.000584 0.674393 -0.000248 0.096020 -0.005761
0.680000 1.132922 0.000572 0.674661 -0.000257 0.093984 -0.005639
0.680000 1.132669 0.000559 0.674921 -0.000264 0.091890 -0.005513
0.680000 1.132429 0.000546 0.675176 -0.000270 0.089743 -0.005385
0.680000 1.132201 0.000533 0.675423 -0.000275 0.087551 -0.005253
0.680000 1.131984 0.000519 0.675663 -0.000279 0.085321 -0.005119
0.680000 1.131732 0.000502 0.675951 -0.000284 0.082518 -0.004951
0.680000 1.131497 0.000485 0.676228 -0.000287 0.079682 -0.004781
0.680000 1.131279 0.000468 0.676495 -0.000288 0.076826 -0.004610
0.680000 1.131075 0.000451 0.676750 -0.000289 0.073958 -0.004437
0.680000 1.130853 0.000430 0.677042 -0.000289 0.070535 -0.004232
0.680000 1.130650 0.000409 0.677319 -0.000287 0.067122 -0.004027
0.680000 1.130467 0.000389 0.677580 -0.000284 0.063724 -0.003823
0.680000 1.130302 0.000368 0.677827 -0.000280 0.060373 -0.003622
0.680000 1.130153 0.000348 0.678064 -0.000276 0.057006 -0.003420
0.680000 1.130020 0.000328 0.678286 -0.000270 0.053721 -0.003223
0.680000 1.129902 0.000309 0.678492 -0.000262 0.050571 -0.003034
0.680000 1.129800 0.000290 0.678687 -0.000256 0.047481 -0.002849
0.680000 1.129750 0.000280 0.678788 -0.000253 0.045806 -0.002748
0.680000 1.129703 0.000270 0.678885 -0.000249 0.044161 -0.002650
0.680000 1.129661 0.000260 0.678978 -0.000245 0.042541 -0.002552
0.680000 1.129622 0.000250 0.679067 -0.000241 0.040954 -0.002457
0.680000 1.129587 0.000241 0.679152 -0.000236 0.039402 -0.002364
0.680000 1.129555 0.000232 0.679234 -0.000231 0.037881 -0.002273
0.680000 1.129526 0.000223 0.679312 -0.000226 0.036391 -0.002183
0.680000 1.129501 0.000214 0.679387 -0.000222 0.034931 -0.002096
0.680000 1.129470 0.000202 0.679484 -0.000215 0.032998 -0.001980
0.680000 1.129445 0.000191 0.679575 -0.000209 0.031123 -0.001867
0.680000 1.129424 0.000180 0.679660 -0.000202 0.029307 -0.001758
0.680000 1.129408 0.000169 0.679740 -0.000195 0.027549 -0.001653
0.680000 1.129393 0.000155 0.679837 -0.000187 0.025323 -0.001519
0.680000 1.129385 0.000142 0.679926 -0.000178 0.023198 -0.001392
0.680000 1.129383 0.000130 0.680007 -0.000170 0.021171 -0.001270
0.680000 1.129386 0.000118 0.680079 -0.000161 0.019245 -0.001155
0.680000 1.129391 0.000110 0.680127 -0.000155 0.017933 -0.001076
0.680000 1.129398 0.000103 0.680170 -0.000149 0.016671 -0.001000
0.680000 1.129408 0.000095 0.680211 -0.000143 0.015460 -0.000928
0.680000 1.129420 0.000088 0.680248 -0.000137 0.014297 -0.000858
