0.980000 0.000000 0.000000 0.980000 0.000000 -27.155800 1.629348
0.980000 -0.000000 0.000000 0.979950 0.000050 -27.154773 1.629286
0.980000 -0.000000 0.000000 0.979900 0.000100 -27.153746 1.629225
0.980000 -0.000000 0.000000 0.979849 0.000149 -27.152719 1.629163
0.980000 -0.000000 0.000000 0.979799 0.000199 -27.151692 1.629102
0.980000 -0.000000 0.000000 0.979548 0.000448 -27.146557 1.628793
0.980000 -0.000000 0.000000 0.979297 0.000697 -27.141423 1.628485
0.980000 -0.000000 0.000000 0.979046 0.000946 -27.136289 1.628177
0.980000 -0.000000 0.000000 0.978795 0.001195 -27.131155 1.627869
0.980000 -0.000000 0.000000 0.977541 0.002438 -27.105491 1.626329
0.980000 -0.000000 0.000000 0.976288 0.003680 -27.079835 1.624790
0.980000 -0.000000 0.000000 0.975036 0.004921 -27.054187 1.623251
0.980000 -0.000001 0.000001 0.973785 0.006161 -27.028547 1.621713
0.980000 -0.000002 0.000002 0.967550 0.012343 -26.900468 1.614028
0.980000 -0.000005 0.000005 0.961344 0.018495 -26.772588 1.606355
0.980000 -0.000009 0.000009 0.955167 0.024618 -26.644908 1.598694
0.980000 -0.000014 0.000014 0.949020 0.030712 -26.517428 1.591046
0.980000 -0.000056 0.000056 0.918721 0.060750 -25.883029 1.552982
0.980000 -0.000125 0.000124 0.889142 0.090073 -25.253636 1.515218
0.980000 -0.000221 0.000219 0.860274 0.118694 -24.629252 1.477755
0.980000 -0.000343 0.000340 0.832105 0.146621 -24.009880 1.440593
0.980000 -0.001319 0.001307 0.701395 0.276233 -20.988336 1.259300
0.980000 -0.002852 0.002828 0.586682 0.390038 -18.092479 1.085549
0.980000 -0.004873 0.004832 0.486810 0.489204 -15.322452 0.919347
0.980000 -0.007316 0.007256 0.400696 0.574822 -12.678315 0.760699
0.980000 -0.011761 0.011668 0.292770 0.682415 -8.856559 0.531394
0.980000 -0.016865 0.016738 0.211548 0.763837 -5.328864 0.319732
0.980000 -0.022454 0.022298 0.153797 0.822331 -2.088598 0.125316
0.980000 -0.028375 0.028196 0.116444 0.860972 0.874231 -0.052454
0.980000 -0.036695 0.036503 0.093221 0.886808 4.473418 -0.268405
0.980000 -0.045111 0.044935 0.095677 0.887930 7.629292 -0.457758
0.980000 -0.053412 0.053291 0.118064 0.870046 10.387464 -0.623248
0.980000 -0.061426 0.061407 0.155371 0.838117 12.791376 -0.767483
0.980000 -0.070187 0.070355 0.211788 0.788959 15.188757 -0.911325
0.980000 -0.078275 0.078715 0.277723 0.731287 17.226152 -1.033569
0.980000 -0.085611 0.086420 0.349430 0.668748 18.953007 -1.137180
0.980000 -0.092140 0.093423 0.424125 0.604032 20.406187 -1.224371
0.980000 -0.098687 0.100666 0.512263 0.528413 21.792026 -1.307522
0.980000 -0.104109 0.106949 0.599762 0.454260 22.889427 -1.373366
0.980000 -0.108430 0.112306 0.685249 0.382809 23.731782 -1.423907
0.980000 -0.111674 0.116771 0.767780 0.314881 24.345336 -1.460720
0.980000 -0.114210 0.121035 0.862733 0.238168 24.813117 -1.488787
0.980000 -0.115323 0.124162 0.951953 0.167652 25.018580 -1.501115
0.980000 -0.115109 0.126254 1.035109 0.103491 24.997234 -1.499834
0.980000 -0.113659 0.127405 1.111924 0.045811 24.781243 -1.486875
0.980000 -0.111146 0.127709 1.180460 -0.004088 24.412952 -1.464777
0.980000 -0.107648 0.127308 1.242901 -0.047996 23.917626 -1.435058
0.980000 -0.103259 0.126293 1.299345 -0.086105 23.321763 -1.399306
0.980000 -0.098065 0.124747 1.349869 -0.118570 22.649725 -1.358984
0.980000 -0.092593 0.122906 1.391611 -0.143842 21.976981 -1.318619
0.980000 -0.086570 0.120742 1.428621 -0.164717 21.274590 -1.276475
0.980000 -0.080064 0.118317 1.461172 -0.181501 20.557060 -1.233424
0.980000 -0.073131 0.115684 1.489534 -0.194488 19.836844 -1.190211
0.980000 -0.064693 0.112459 1.517390 -0.205147 19.017803 -1.141068
0.980000 -0.055843 0.109095 1.540697 -0.211814 18.221322 -1.093279
0.980000 -0.046652 0.105654 1.560067 -0.215104 17.456160 -1.047370
0.980000 -0.037177 0.102183 1.576048 -0.215566 16.728280 -1.003697
0.980000 -0.026342 0.098330 1.590528 -0.213398 15.965037 -0.957902
0.980000 -0.015273 0.094534 1.602269 -0.209158 15.252383 -0.915143
0.980000 -0.004011 0.090828 1.611955 -0.203505 14.588093 -0.875286
0.980000 0.007410 0.087231 1.620139 -0.196968 13.969257 -0.838155
0.980000 0.023992 0.082305 1.630202 -0.186986 13.155285 -0.789317
0.980000 0.040821 0.077634 1.639154 -0.177033 12.409033 -0.744542
0.980000 0.057887 0.073196 1.647587 -0.167627 11.713736 -0.702824
0.980000 0.075170 0.068986 1.655931 -0.159148 11.060643 -0.663639
0.980000 0.090076 0.065568 1.663154 -0.152791 10.531413 -0.631885
0.980000 0.105141 0.062281 1.670414 -0.147145 10.020734 -0.601244
0.980000 0.120368 0.059108 1.677634 -0.142107 9.525086 -0.571505
0.980000 0.135753 0.056038 1.684785 -0.137626 9.042114 -0.542527
0.980000 0.152064 0.052919 1.692164 -0.133454 8.547055 -0.512823
0.980000 0.168543 0.049891 1.699283 -0.129672 8.063019 -0.483781
0.980000 0.185181 0.046946 1.706052 -0.126173 7.589526 -0.455372
0.980000 0.201972 0.044079 1.712426 -0.122896 7.126090 -0.427565
0.980000 0.224691 0.040351 1.720280 -0.118758 6.520273 -0.391216
0.980000 0.247638 0.036748 1.727269 -0.114796 5.932736 -0.355964
0.980000 0.270786 0.033267 1.733362 -0.110951 5.364149 -0.321849
0.980000 0.294107 0.029904 1.738558 -0.107185 4.814035 -0.288842
0.980000 0.322961 0.025926 1.743711 -0.102609 4.162931 -0.249776
0.980000 0.351985 0.022121 1.747585 -0.098117 3.539976 -0.212399
0.980000 0.381130 0.018487 1.750278 -0.093746 2.945002 -0.176700
0.980000 0.410354 0.015018 1.751812 -0.089459 2.377163 -0.142630
0.980000 0.439644 0.011705 1.752218 -0.085225 1.835231 -0.110114
0.980000 0.468931 0.008550 1.751596 -0.081096 1.319382 -0.079163
0.980000 0.498175 0.005550 1.750012 -0.077082 0.828866 -0.049732
0.980000 0.527341 0.002701 1.747513 -0.073176 0.363000 -0.021780
0.980000 0.569835 -0.001211 1.742291 -0.067631 -0.276255 0.016575
0.980000 0.611992 -0.004821 1.735385 -0.062330 -0.866139 0.051968
0.980000 0.653719 -0.008140 1.726964 -0.057291 -1.408499 0.084510
0.980000 0.694938 -0.011185 1.717140 -0.052479 -1.906049 0.114363
0.980000 0.735845 -0.013989 1.705932 -0.047822 -2.363874 0.141832
0.980000 0.776093 -0.016538 1.693570 -0.043392 -2.780070 0.166804
0.980000 0.815620 -0.018846 1.680197 -0.039203 -3.156811 0.189409
0.980000 0.854373 -0.020925 1.665900 -0.035220 -3.495969 0.209758
0.980000 0.895219 -0.022923 1.649571 -0.031143 -3.821607 0.229296
0.980000 0.935057 -0.024682 1.632434 -0.027300 -4.108049 0.246483
0.980000 0.973841 -0.026217 1.614598 -0.023674 -4.357471 0.261448
0.980000 1.011533 -0.027541 1.596198 -0.020277 -4.572307 0.274338
0.980000 1.040730 -0.028452 1.581223 -0.017734 -4.720120 0.283207
0.980000 1.069203 -0.029245 1.566003 -0.015322 -4.848425 0.290905
0.980000 1.096941 -0.029924 1.550591 -0.013043 -4.958251 0.297495
0.980000 1.123936 -0.030497 1.535025 -0.010886 -5.050588 0.303035
0.980000 1.150181 -0.030970 1.519342 -0.008844 -5.126368 0.307582
0.980000 1.175672 -0.031347 1.503590 -0.006919 -5.186551 0.311193
0.980000 1.200407 -0.031635 1.487804 -0.005105 -5.232072 0.313924
0.980000 1.224385 -0.031839 1.472019 -0.003402 -5.263783 0.315827
0.980000 1.251107 -0.031976 1.453858 -0.001572 -5.284313 0.317059
0.980000 1.276826 -0.032015 1.435788 0.000124 -5.288871 0.317332
0.980000 1.301549 -0.031965 1.417851 0.001691 -5.278649 0.316719
0.980000 1.325283 -0.031831 1.400087 0.003133 -5.254814 0.315289
0.980000 1.353697 -0.031555 1.378085 0.004777 -5.207303 0.312438
0.980000 1.380595 -0.031171 1.356473 0.006244 -5.142160 0.308530
0.980000 1.406008 -0.030691 1.335309 0.007544 -5.061366 0.303682
0.980000 1.429968 -0.030127 1.314635 0.008690 -4.966702 0.298002
0.980000 1.449805 -0.029570 1.296950 0.009574 -4.873658 0.292419
0.980000 1.468578 -0.028962 1.279698 0.010353 -4.772359 0.286342
0.980000 1.486315 -0.028311 1.262896 0.011038 -4.663788 0.279827
0.980000 1.503043 -0.027620 1.246568 0.011627 -4.548963 0.272938
0.980000 1.518792 -0.026897 1.230726 0.012130 -4.428836 0.265730
0.980000 1.533591 -0.026146 1.215383 0.012550 -4.304183 0.258251
0.980000 1.547470 -0.025370 1.200556 0.012883 -4.175783 0.250547
0.980000 1.560462 -0.024577 1.186240 0.013148 -4.044418 0.242665
0.980000 1.571685 -0.023832 1.173488 0.013340 -3.921189 0.235271
0.980000 1.582204 -0.023079 1.161178 0.013481 -3.796485 0.227789
0.980000 1.592044 -0.022319 1.149304 0.013578 -3.670814 0.220249
0.980000 1.601231 -0.021555 1.137872 0.013629 -3.544537 0.212672
0.980000 1.609737 -0.020794 1.126949 0.013634 -3.418844 0.205131
0.980000 1.617646 -0.020034 1.116457 0.013601 -3.293324 0.197599
0.980000 1.624980 -0.019277 1.106395 0.013529 -3.168237 0.190094
0.980000 1.631765 -0.018524 1.096755 0.013425 -3.044010 0.182641
0.980000 1.638312 -0.017742 1.087093 0.013288 -2.915021 0.174901
0.980000 1.644307 -0.016969 1.077880 0.013122 -2.787546 0.167253
0.980000 1.649776 -0.016207 1.069112 0.012928 -2.661931 0.159716
0.980000 1.654744 -0.015457 1.060774 0.012712 -2.538299 0.152298
0.980000 1.658804 -0.014793 1.053641 0.012500 -2.429001 0.145740
0.980000 1.662497 -0.014142 1.046843 0.012273 -2.321633 0.139298
0.980000 1.665841 -0.013503 1.040370 0.012034 -2.216279 0.132977
0.980000 1.668853 -0.012876 1.034218 0.011781 -2.113105 0.126786
0.980000 1.671550 -0.012264 1.028379 0.011516 -2.012240 0.120734
0.980000 1.673948 -0.011665 1.022844 0.011242 -1.913726 0.114824
0.980000 1.676062 -0.011081 1.017607 0.010958 -1.817641 0.109058
0.980000 1.677909 -0.010512 1.012655 0.010668 -1.724040 0.103442
0.980000 1.679723 -0.009876 1.007295 0.010329 -1.619367 0.097162
0.980000 1.681222 -0.009261 1.002290 0.009985 -1.518116 0.091087
0.980000 1.682430 -0.008666 0.997623 0.009641 -1.420343 0.085221
0.980000 1.683365 -0.008093 0.993287 0.009294 -1.326050 0.079563
0.980000 1.684079 -0.007509 0.989040 0.008924 -1.230053 0.073803
0.980000 1.684532 -0.006949 0.985133 0.008553 -1.137975 0.068278
0.980000 1.684745 -0.006412 0.981555 0.008177 -1.049743 0.062985
0.980000 1.684738 -0.005899 0.978285 0.007805 -0.965463 0.057928
0.980000 1.684556 -0.005452 0.975557 0.007472 -0.892042 0.053523
0.980000 1.684222 -0.005025 0.973060 0.007145 -0.821816 0.049309
0.980000 1.683749 -0.004617 0.970781 0.006824 -0.754845 0.045291
0.980000 1.683149 -0.004227 0.968712 0.006510 -0.690914 0.041455
0.980000 1.682485 -0.003880 0.966964 0.006219 -0.633920 0.038035
0.980000 1.681730 -0.003549 0.965382 0.005933 -0.579516 0.034771
0.980000 1.680892 -0.003233 0.963955 0.005654 -0.527569 0.031654
0.980000 1.679981 -0.002932 0.962680 0.005379 -0.478143 0.028689
0.980000 1.679102 -0.002673 0.961651 0.005135 -0.435677 0.026141
0.980000 1.678175 -0.002426 0.960731 0.004898 -0.395155 0.023709
0.980000 1.677206 -0.002190 0.959917 0.004665 -0.356556 0.021393
0.980000 1.676198 -0.001966 0.959201 0.004438 -0.319802 0.019188
0.980000 1.675158 -0.001753 0.958576 0.004219 -0.284826 0.017090
0.980000 1.674089 -0.001550 0.958041 0.004005 -0.251608 0.015096
0.980000 1.672995 -0.001358 0.957589 0.003798 -0.220099 0.013206
0.980000 1.671882 -0.001176 0.957216 0.003597 -0.190252 0.011415
0.980000 1.670622 -0.000984 0.956890 0.003378 -0.158897 0.009534
0.980000 1.669346 -0.000805 0.956649 0.003167 -0.129482 0.007769
0.980000 1.668059 -0.000637 0.956491 0.002962 -0.101933 0.006116
0.980000 1.666765 -0.000479 0.956407 0.002765 -0.076193 0.004572
0.980000 1.665340 -0.000318 0.956395 0.002558 -0.049883 0.002993
0.980000 1.663916 -0.000170 0.956459 0.002359 -0.025589 0.001535
0.980000 1.662498 -0.000033 0.956594 0.002170 -0.003237 0.000194
0.980000 1.661090 0.000092 0.956792 0.001990 0.017285 -0.001037
0.980000 1.659639 0.000211 0.957062 0.001811 0.036782 -0.002207
0.980000 1.658207 0.000320 0.957388 0.001640 0.054483 -0.003269
0.980000 1.656798 0.000418 0.957766 0.001479 0.070510 -0.004231
0.980000 1.655413 0.000506 0.958189 0.001326 0.084904 -0.005094
0.980000 1.654014 0.000587 0.958666 0.001178 0.098154 -0.005889
0.980000 1.652647 0.000659 0.959180 0.001038 0.109851 -0.006591
0.980000 1.651314 0.000722 0.959730 0.000904 0.120031 -0.007202
0.980000 1.650018 0.000777 0.960304 0.000780 0.128877 -0.007733
0.980000 1.649282 0.000805 0.960646 0.000714 0.133476 -0.008009
0.980000 1.648559 0.000830 0.960996 0.000650 0.137662 -0.008260
0.980000 1.647849 0.000854 0.961351 0.000588 0.141454 -0.008487
0.980000 1.647153 0.000875 0.961713 0.000528 0.144863 -0.008692
0.980000 1.646470 0.000894 0.962079 0.000470 0.147902 -0.008874
0.980000 1.645801 0.000910 0.962449 0.000415 0.150591 -0.009035
0.980000 1.645147 0.000925 0.962822 0.000362 0.152946 -0.009177
0.980000 1.644506 0.000938 0.963198 0.000311 0.154980 -0.009299
0.980000 1.643637 0.000952 0.963723 0.000244 0.157309 -0.009439
0.980000 1.642795 0.000963 0.964251 0.000182 0.159083 -0.009545
0.980000 1.641982 0.000971 0.964780 0.000123 0.160336 -0.009620
0.980000 1.641196 0.000976 0.965308 0.000069 0.161105 -0.009666
0.980000 1.640095 0.000979 0.966077 -0.000005 0.161424 -0.009685
0.980000 1.639052 0.000976 0.966838 -0.000070 0.160872 -0.009652
0.980000 1.638068 0.000968 0.967587 -0.000128 0.159544 -0.009573
0.980000 1.637141 0.000956 0.968323 -0.000179 0.157528 -0.009452
0.980000 1.636573 0.000947 0.968789 -0.000209 0.155902 -0.009354
0.980000 1.636029 0.000936 0.969248 -0.000236 0.154044 -0.009243
0.980000 1.635506 0.000923 0.969699 -0.000261 0.151975 -0.009119
0.980000 1.635006 0.000910 0.970142 -0.000284 0.149713 -0.008983
0.980000 1.634528 0.000895 0.970576 -0.000305 0.147277 -0.008837
0.980000 1.634071 0.000880 0.971001 -0.000323 0.144683 -0.008681
0.980000 1.633635 0.000863 0.971417 -0.000340 0.141948 -0.008517
0.980000 1.633220 0.000846 0.971823 -0.000354 0.139089 -0.008345
0.980000 1.632699 0.000822 0.972347 -0.000371 0.135126 -0.008108
0.980000 1.632212 0.000797 0.972853 -0.000384 0.131002 -0.007860
0.980000 1.631757 0.000771 0.973341 -0.000395 0.126753 -0.007605
0.980000 1.631335 0.000745 0.973810 -0.000404 0.122398 -0.007344
0.980000 1.630965 0.000720 0.974235 -0.000410 0.118234 -0.007094
0.980000 1.630621 0.000694 0.974643 -0.000414 0.114020 -0.006841
0.980000 1.630302 0.000669 0.975035 -0.000416 0.109770 -0.006586
0.980000 1.630006 0.000643 0.975411 -0.000417 0.105507 -0.006330
0.980000 1.629733 0.000617 0.975770 -0.000417 0.101250 -0.006075
0.980000 1.629482 0.000591 0.976113 -0.000415 0.097011 -0.005821
0.980000 1.629252 0.000566 0.976440 -0.000410 0.092808 -0.005568
0.980000 1.629042 0.000541 0.976751 -0.000405 0.088646 -0.005319
0.980000 1.628864 0.000518 0.977025 -0.000400 0.084843 -0.005091
0.980000 1.628701 0.000495 0.977286 -0.000394 0.081092 -0.004865
0.980000 1.628554 0.000472 0.977536 -0.000389 0.077398 -0.004644
0.980000 1.628420 0.000450 0.977773 -0.000383 0.073766 -0.004426
0.980000 1.628314 0.000432 0.977967 -0.000376 0.070684 -0.004241
0.980000 1.628218 0.000413 0.978153 -0.000369 0.067658 -0.004059
0.980000 1.628132 0.000395 0.978330 -0.000361 0.064689 -0.003881
0.980000 1.628053 0.000378 0.978498 -0.000353 0.061783 -0.003707
0.980000 1.627982 0.000360 0.978660 -0.000345 0.058906 -0.003534
0.980000 1.627919 0.000343 0.978815 -0.000337 0.056096 -0.003366
0.980000 1.627864 0.000326 0.978961 -0.000329 0.053356 -0.003201
0.980000 1.627815 0.000310 0.979099 -0.000321 0.050685 -0.003041
0.980000 1.627763 0.000290 0.979265 -0.000310 0.047389 -0.002843
0.980000 1.627721 0.000271 0.979418 -0.000298 0.044208 -0.002652
0.980000 1.627689 0.000252 0.979561 -0.000287 0.041140 -0.002468
0.980000 1.627665 0.000234 0.979692 -0.000276 0.038191 -0.002291
0.980000 1.627651 0.000219 0.979801 -0.000266 0.035661 -0.002140
0.980000 1.627642 0.000204 0.979902 -0.000256 0.033227 -0.001994
0.980000 1.627639 0.000190 0.979995 -0.000246 0.030890 -0.001853
0.980000 1.627642 0.000176 0.980080 -0.000236 0.028645 -0.001719
0.980000 1.627649 0.000163 0.980161 -0.000225 0.026438 -0.001586
0.980000 1.627660 0.000150 0.980235 -0.000216 0.024327 -0.001460
0.980000 1.627676 0.000138 0.980303 -0.000206 0.022308 -0.001338
0.980000 1.627695 0.000126 0.980364 -0.000197 0.020382 -0.001223
