0.900000 0.000000 0.000000 0.900000 0.000000 -24.939000 1.496340
0.900000 -0.000000 0.000000 0.899950 0.000050 -24.937973 1.496278
0.900000 -0.000000 0.000000 0.899900 0.000100 -24.936946 1.496217
0.900000 -0.000000 0.000000 0.899849 0.000149 -24.935919 1.496155
0.900000 -0.000000 0.000000 0.899799 0.000199 -24.934892 1.496094
0.900000 -0.000000 0.000000 0.899548 0.000448 -24.929757 1.495785
0.900000 -0.000000 0.000000 0.899297 0.000697 -24.924623 1.495477
0.900000 -0.000000 0.000000 0.899046 0.000946 -24.919489 1.495169
0.900000 -0.000000 0.000000 0.898795 0.001195 -24.914355 1.494861
0.900000 -0.000000 0.000000 0.897541 0.002438 -24.888693 1.493322
0.900000 -0.000000 0.000000 0.896288 0.003680 -24.863038 1.491782
0.900000 -0.000000 0.000000 0.895037 0.004920 -24.837393 1.490244
0.900000 -0.000001 0.000001 0.893786 0.006160 -24.811756 1.488705
0.900000 -0.000002 0.000002 0.887555 0.012338 -24.683703 1.481022
0.900000 -0.000006 0.000005 0.881355 0.018483 -24.555867 1.473352
0.900000 -0.000010 0.000010 0.875188 0.024598 -24.428249 1.465695
0.900000 -0.000015 0.000015 0.869052 0.030680 -24.300849 1.458051
0.900000 -0.000061 0.000060 0.838850 0.060622 -23.667117 1.420027
0.900000 -0.000136 0.000135 0.809430 0.089788 -23.038836 1.382330
0.900000 -0.000240 0.000238 0.780780 0.118192 -22.416010 1.344961
0.900000 -0.000372 0.000369 0.752887 0.145846 -21.798643 1.307919
0.900000 -0.001371 0.001360 0.629206 0.268493 -18.912273 1.134736
0.900000 -0.002920 0.002895 0.521406 0.375452 -16.151886 0.969113
0.900000 -0.004946 0.004905 0.428278 0.467942 -13.517467 0.811048
0.900000 -0.007381 0.007321 0.348698 0.547098 -11.008843 0.660531
0.900000 -0.011668 0.011577 0.252422 0.643152 -7.480663 0.448840
0.900000 -0.016552 0.016430 0.180928 0.714936 -4.230065 0.253804
0.900000 -0.021867 0.021718 0.131108 0.765563 -1.249686 0.074981
0.900000 -0.027469 0.027300 0.100035 0.797963 1.470733 -0.088244
0.900000 -0.035213 0.035037 0.083021 0.817563 4.733876 -0.284033
0.900000 -0.043007 0.042853 0.088895 0.815168 7.592088 -0.455525
0.900000 -0.050664 0.050568 0.112488 0.795904 10.086464 -0.605188
0.900000 -0.058029 0.058037 0.149323 0.764205 12.255665 -0.735340
0.900000 -0.066085 0.066282 0.203970 0.716485 14.420674 -0.865240
0.900000 -0.073485 0.073952 0.267079 0.661228 16.248979 -0.974939
0.900000 -0.080159 0.080990 0.335248 0.601741 17.785784 -1.067147
0.900000 -0.086059 0.087353 0.405927 0.540484 19.065352 -1.143921
0.900000 -0.091883 0.093849 0.488421 0.469694 20.260542 -1.215633
0.900000 -0.096651 0.099444 0.570003 0.400550 21.189118 -1.271347
0.900000 -0.100388 0.104173 0.649417 0.334181 21.883188 -1.312991
0.900000 -0.103122 0.108069 0.725775 0.271359 22.368502 -1.342110
0.900000 -0.105099 0.111634 0.810624 0.202859 22.701366 -1.362082
0.900000 -0.105838 0.114211 0.890047 0.140150 22.813658 -1.368820
0.900000 -0.105428 0.115892 0.963786 0.083347 22.737452 -1.364247
0.900000 -0.103951 0.116763 1.031622 0.032542 22.501650 -1.350099
0.900000 -0.101665 0.116917 1.089876 -0.009723 22.158898 -1.329534
0.900000 -0.098591 0.116508 1.142942 -0.046893 21.721385 -1.303283
0.900000 -0.094804 0.115611 1.190946 -0.079165 21.209368 -1.272562
0.900000 -0.090372 0.114290 1.234005 -0.106713 20.641274 -1.238476
0.900000 -0.085582 0.112685 1.270775 -0.128869 20.059832 -1.203590
0.900000 -0.080320 0.110806 1.303414 -0.147175 19.455590 -1.167335
0.900000 -0.074644 0.108705 1.332195 -0.161930 18.840009 -1.130401
0.900000 -0.068601 0.106425 1.357379 -0.173414 18.222854 -1.093371
0.900000 -0.061133 0.103589 1.382638 -0.183087 17.510117 -1.050607
0.900000 -0.053295 0.100629 1.403925 -0.189268 16.816034 -1.008962
0.900000 -0.045149 0.097595 1.421795 -0.192515 16.147479 -0.968849
0.900000 -0.036743 0.094530 1.436733 -0.193313 15.509173 -0.930550
0.900000 -0.026932 0.091054 1.450741 -0.191840 14.824077 -0.889445
0.900000 -0.016890 0.087621 1.462289 -0.188508 14.181391 -0.850883
0.900000 -0.006657 0.084260 1.471983 -0.183906 13.579187 -0.814751
0.900000 0.003738 0.080990 1.480306 -0.178497 13.015144 -0.780909
0.900000 0.019353 0.076354 1.490997 -0.169880 12.245433 -0.734726
0.900000 0.035239 0.071947 1.500525 -0.161215 11.536386 -0.692183
0.900000 0.051387 0.067749 1.509428 -0.152969 10.872727 -0.652364
0.900000 0.067770 0.063759 1.518107 -0.145500 10.247464 -0.614848
0.900000 0.081480 0.060613 1.525271 -0.140041 9.755518 -0.585331
0.900000 0.095347 0.057581 1.532374 -0.135145 9.279975 -0.556799
0.900000 0.109372 0.054648 1.539354 -0.130729 8.818084 -0.529085
0.900000 0.123550 0.051808 1.546190 -0.126755 8.367977 -0.502079
0.900000 0.138927 0.048855 1.553332 -0.122926 7.896578 -0.473795
0.900000 0.154469 0.045988 1.560162 -0.119419 7.436269 -0.446176
0.900000 0.170169 0.043201 1.566609 -0.116146 6.986625 -0.419197
0.900000 0.186017 0.040489 1.572641 -0.113058 6.547186 -0.392831
0.900000 0.207468 0.036965 1.580028 -0.109135 5.973715 -0.358423
0.900000 0.229139 0.033564 1.586555 -0.105367 5.418572 -0.325114
0.900000 0.251002 0.030282 1.592207 -0.101705 4.882217 -0.292933
0.900000 0.273030 0.027115 1.596993 -0.098120 4.364117 -0.261847
0.900000 0.300891 0.023293 1.601781 -0.093679 3.738638 -0.224318
0.900000 0.328918 0.019647 1.605291 -0.089333 3.141845 -0.188511
0.900000 0.357056 0.016175 1.607621 -0.085118 2.573417 -0.154405
0.900000 0.385264 0.012870 1.608799 -0.080996 2.032412 -0.121945
0.900000 0.413444 0.009731 1.608858 -0.076947 1.518993 -0.091140
0.900000 0.441607 0.006751 1.607905 -0.073007 1.031662 -0.061900
0.900000 0.469712 0.003925 1.606003 -0.069184 0.569621 -0.034177
0.900000 0.497723 0.001249 1.603204 -0.065472 0.132148 -0.007929
0.900000 0.539945 -0.002535 1.597342 -0.060029 -0.486278 0.029177
0.900000 0.581759 -0.005998 1.589729 -0.054848 -1.052163 0.063130
0.900000 0.623063 -0.009153 1.580558 -0.049953 -1.567579 0.094055
0.900000 0.663769 -0.012020 1.569959 -0.045303 -2.035879 0.122153
0.900000 0.701730 -0.014486 1.558691 -0.041077 -2.438499 0.146310
0.900000 0.739018 -0.016718 1.546400 -0.037065 -2.802592 0.168156
0.900000 0.775577 -0.018726 1.533217 -0.033277 -3.130529 0.187832
0.900000 0.811360 -0.020524 1.519222 -0.029678 -3.423670 0.205420
0.900000 0.843481 -0.021997 1.505749 -0.026538 -3.663489 0.219809
0.900000 0.874882 -0.023309 1.491766 -0.023561 -3.877000 0.232620
0.900000 0.905539 -0.024470 1.477331 -0.020729 -4.065401 0.243924
0.900000 0.935428 -0.025487 1.462530 -0.018058 -4.230270 0.253816
0.900000 0.964534 -0.026368 1.447427 -0.015542 -4.373051 0.262383
0.900000 0.992841 -0.027121 1.432072 -0.013169 -4.494803 0.269688
0.900000 1.020336 -0.027752 1.416534 -0.010947 -4.596761 0.275806
0.900000 1.047012 -0.028270 1.400849 -0.008855 -4.680092 0.280805
0.900000 1.070911 -0.028654 1.386271 -0.007027 -4.741424 0.284485
0.900000 1.094103 -0.028952 1.371650 -0.005308 -4.788690 0.287321
0.900000 1.116586 -0.029169 1.357014 -0.003689 -4.822768 0.289366
0.900000 1.138362 -0.029311 1.342402 -0.002172 -4.844429 0.290666
0.900000 1.158559 -0.029380 1.328455 -0.000814 -4.854253 0.291255
0.900000 1.178110 -0.029388 1.314579 0.000459 -4.854096 0.291246
0.900000 1.197020 -0.029339 1.300794 0.001649 -4.844582 0.290675
0.900000 1.215292 -0.029236 1.287123 0.002759 -4.826348 0.289581
0.900000 1.236637 -0.029045 1.270699 0.004004 -4.793333 0.287600
0.900000 1.257062 -0.028787 1.254500 0.005142 -4.749350 0.284961
0.900000 1.276582 -0.028468 1.238556 0.006177 -4.695387 0.281723
0.900000 1.295212 -0.028093 1.222891 0.007115 -4.632353 0.277941
0.900000 1.314485 -0.027628 1.206194 0.008029 -4.554517 0.273271
0.900000 1.332746 -0.027111 1.189881 0.008841 -4.468062 0.268084
0.900000 1.350020 -0.026547 1.173970 0.009556 -4.373983 0.262439
0.900000 1.366333 -0.025942 1.158485 0.010178 -4.273262 0.256396
0.900000 1.381709 -0.025301 1.143438 0.010715 -4.166817 0.250009
0.900000 1.396178 -0.024630 1.128846 0.011171 -4.055450 0.243327
0.900000 1.409766 -0.023934 1.114721 0.011547 -3.939943 0.236397
0.900000 1.422503 -0.023216 1.101066 0.011854 -3.821050 0.229263
0.900000 1.435123 -0.022436 1.087094 0.012109 -3.691890 0.221513
0.900000 1.446851 -0.021642 1.073663 0.012298 -3.560426 0.213626
0.900000 1.457725 -0.020838 1.060769 0.012430 -3.427386 0.205643
0.900000 1.467777 -0.020027 1.048421 0.012503 -3.293343 0.197601
0.900000 1.477027 -0.019215 1.036637 0.012524 -3.159244 0.189555
0.900000 1.485529 -0.018404 1.025391 0.012493 -3.025236 0.181514
0.900000 1.493317 -0.017595 1.014685 0.012409 -2.891662 0.173500
0.900000 1.500428 -0.016792 1.004501 0.012286 -2.759255 0.165555
0.900000 1.506042 -0.016107 0.996123 0.012158 -2.646279 0.158777
0.900000 1.511198 -0.015430 0.988120 0.012007 -2.534639 0.152078
0.900000 1.515917 -0.014763 0.980487 0.011836 -2.424705 0.145482
0.900000 1.520219 -0.014106 0.973214 0.011647 -2.316425 0.138985
0.900000 1.524246 -0.013438 0.966077 0.011428 -2.206450 0.132387
0.900000 1.527871 -0.012784 0.959309 0.011194 -2.098626 0.125918
0.900000 1.531115 -0.012143 0.952895 0.010952 -1.992943 0.119577
0.900000 1.533998 -0.011517 0.946837 0.010691 -1.889766 0.113386
0.900000 1.536097 -0.011018 0.942155 0.010467 -1.807654 0.108459
0.900000 1.537980 -0.010530 0.937692 0.010237 -1.727304 0.103638
0.900000 1.539657 -0.010052 0.933448 0.010000 -1.648787 0.098927
0.900000 1.541139 -0.009586 0.929412 0.009759 -1.572103 0.094326
0.900000 1.542435 -0.009131 0.925578 0.009519 -1.497252 0.089835
0.900000 1.543555 -0.008688 0.921942 0.009274 -1.424297 0.085458
0.900000 1.544509 -0.008256 0.918499 0.009029 -1.353264 0.081196
0.900000 1.545304 -0.007836 0.915244 0.008781 -1.284167 0.077050
0.900000 1.546073 -0.007340 0.911520 0.008475 -1.202542 0.072153
0.900000 1.546635 -0.006861 0.908057 0.008169 -1.123824 0.067429
0.900000 1.547005 -0.006399 0.904845 0.007861 -1.047998 0.062880
0.900000 1.547197 -0.005956 0.901871 0.007555 -0.975087 0.058505
0.900000 1.547211 -0.005446 0.898603 0.007191 -0.891371 0.053482
0.900000 1.547011 -0.004962 0.895648 0.006831 -0.811801 0.048708
0.900000 1.546617 -0.004503 0.892989 0.006477 -0.736385 0.044183
0.900000 1.546049 -0.004068 0.890607 0.006130 -0.664938 0.039896
0.900000 1.545237 -0.003612 0.888279 0.005744 -0.590389 0.035423
0.900000 1.544258 -0.003186 0.886244 0.005376 -0.520389 0.031223
0.900000 1.543133 -0.002786 0.884473 0.005036 -0.454431 0.027266
0.900000 1.541884 -0.002414 0.882982 0.004689 -0.393096 0.023586
0.900000 1.541284 -0.002254 0.882399 0.004527 -0.367058 0.022023
0.900000 1.540665 -0.002100 0.881859 0.004372 -0.341868 0.020512
0.900000 1.540027 -0.001951 0.881363 0.004221 -0.317525 0.019051
0.900000 1.539374 -0.001807 0.880910 0.004075 -0.293993 0.017640
0.900000 1.538705 -0.001668 0.880496 0.003933 -0.271246 0.016275
0.900000 1.538022 -0.001535 0.880124 0.003794 -0.249292 0.014958
0.900000 1.537328 -0.001405 0.879792 0.003658 -0.228125 0.013688
0.900000 1.536622 -0.001281 0.879497 0.003524 -0.207729 0.012464
0.900000 1.535625 -0.001116 0.879148 0.003341 -0.180612 0.010837
0.900000 1.534613 -0.000959 0.878866 0.003164 -0.154923 0.009295
0.900000 1.533589 -0.000811 0.878646 0.002992 -0.130621 0.007837
0.900000 1.532556 -0.000670 0.878485 0.002825 -0.107664 0.006460
0.900000 1.531219 -0.000502 0.878359 0.002618 -0.080068 0.004804
0.900000 1.529876 -0.000346 0.878317 0.002420 -0.054537 0.003272
0.900000 1.528533 -0.000202 0.878353 0.002229 -0.030978 0.001859
0.900000 1.527195 -0.000069 0.878460 0.002047 -0.009312 0.000559
0.900000 1.525744 0.000063 0.878649 0.001858 0.012301 -0.000738
0.900000 1.524307 0.000183 0.878907 0.001679 0.031866 -0.001912
0.900000 1.522890 0.000290 0.879224 0.001511 0.049470 -0.002968
0.900000 1.521497 0.000387 0.879596 0.001353 0.065265 -0.003916
0.900000 1.520294 0.000463 0.879964 0.001221 0.077731 -0.004664
0.900000 1.519114 0.000532 0.880364 0.001095 0.088945 -0.005337
0.900000 1.517958 0.000594 0.880794 0.000976 0.099008 -0.005941
0.900000 1.516829 0.000649 0.881250 0.000863 0.107929 -0.006476
0.900000 1.515880 0.000690 0.881659 0.000771 0.114719 -0.006883
0.900000 1.514953 0.000728 0.882081 0.000684 0.120762 -0.007246
0.900000 1.514047 0.000760 0.882516 0.000602 0.126079 -0.007565
0.900000 1.513164 0.000789 0.882961 0.000524 0.130733 -0.007844
0.900000 1.512408 0.000811 0.883358 0.000460 0.134309 -0.008059
0.900000 1.511671 0.000831 0.883760 0.000398 0.137421 -0.008245
0.900000 1.510951 0.000847 0.884166 0.000340 0.140094 -0.008406
0.900000 1.510250 0.000861 0.884576 0.000285 0.142348 -0.008541
0.900000 1.509567 0.000873 0.884988 0.000232 0.144202 -0.008652
0.900000 1.508903 0.000882 0.885402 0.000183 0.145681 -0.008741
0.900000 1.508257 0.000889 0.885816 0.000136 0.146805 -0.008808
0.900000 1.507630 0.000894 0.886230 0.000091 0.147594 -0.008856
0.900000 1.506831 0.000898 0.886776 0.000037 0.148157 -0.008889
0.900000 1.506063 0.000899 0.887318 -0.000013 0.148213 -0.008893
0.900000 1.505328 0.000896 0.887856 -0.000059 0.147801 -0.008868
0.900000 1.504624 0.000892 0.888388 -0.000101 0.146963 -0.008818
0.900000 1.503704 0.000881 0.889110 -0.000154 0.145166 -0.008710
0.900000 1.502842 0.000867 0.889816 -0.000199 0.142725 -0.008563
0.900000 1.502037 0.000849 0.890504 -0.000238 0.139740 -0.008384
0.900000 1.501288 0.000828 0.891171 -0.000272 0.136263 -0.008176
0.900000 1.500883 0.000815 0.891544 -0.000289 0.134070 -0.008044
0.900000 1.500495 0.000801 0.891910 -0.000304 0.131756 -0.007905
0.900000 1.500124 0.000786 0.892267 -0.000318 0.129328 -0.007760
0.900000 1.499769 0.000771 0.892617 -0.000330 0.126804 -0.007608
0.900000 1.499431 0.000755 0.892958 -0.000340 0.124199 -0.007452
0.900000 1.499109 0.000739 0.893291 -0.000349 0.121519 -0.007291
0.900000 1.498802 0.000723 0.893616 -0.000357 0.118774 -0.007126
0.900000 1.498510 0.000706 0.893932 -0.000364 0.115973 -0.006958
0.900000 1.498153 0.000683 0.894329 -0.000371 0.112269 -0.006736
0.900000 1.497819 0.000661 0.894712 -0.000376 0.108505 -0.006510
0.900000 1.497509 0.000638 0.895081 -0.000380 0.104700 -0.006282
0.900000 1.497220 0.000614 0.895435 -0.000382 0.100867 -0.006052
0.900000 1.496911 0.000587 0.895828 -0.000383 0.096400 -0.005784
0.900000 1.496629 0.000560 0.896202 -0.000382 0.091934 -0.005516
0.900000 1.496373 0.000533 0.896557 -0.000379 0.087483 -0.005249
0.900000 1.496142 0.000507 0.896892 -0.000375 0.083078 -0.004985
0.900000 1.495943 0.000482 0.897193 -0.000369 0.078936 -0.004736
0.900000 1.495764 0.000457 0.897479 -0.000363 0.074867 -0.004492
0.900000 1.495604 0.000433 0.897748 -0.000356 0.070906 -0.004254
0.900000 1.495461 0.000409 0.898002 -0.000349 0.067014 -0.004021
0.900000 1.495349 0.000389 0.898213 -0.000342 0.063648 -0.003819
0.900000 1.495249 0.000369 0.898412 -0.000334 0.060350 -0.003621
0.900000 1.495160 0.000349 0.898602 -0.000327 0.057092 -0.003425
0.900000 1.495083 0.000330 0.898779 -0.000318 0.053928 -0.003236
0.900000 1.495035 0.000317 0.898895 -0.000311 0.051801 -0.003108
0.900000 1.494991 0.000304 0.899007 -0.000304 0.049715 -0.002983
0.900000 1.494952 0.000292 0.899114 -0.000298 0.047676 -0.002861
0.900000 1.494918 0.000280 0.899216 -0.000291 0.045678 -0.002741
0.900000 1.494888 0.000268 0.899314 -0.000285 0.043719 -0.002623
0.900000 1.494861 0.000256 0.899408 -0.000278 0.041805 -0.002508
0.900000 1.494839 0.000245 0.899497 -0.000272 0.039935 -0.002396
0.900000 1.494820 0.000234 0.899581 -0.000265 0.038112 -0.002287
0.900000 1.494799 0.000219 0.899690 -0.000256 0.035697 -0.002142
0.900000 1.494784 0.000205 0.899791 -0.000247 0.033368 -0.002002
0.900000 1.494775 0.000191 0.899885 -0.000237 0.031124 -0.001867
0.900000 1.494771 0.000178 0.899972 -0.000228 0.028965 -0.001738
0.900000 1.494773 0.000161 0.900078 -0.000216 0.026190 -0.001571
0.900000 1.494783 0.000145 0.900173 -0.000204 0.023569 -0.001414
0.900000 1.494799 0.000130 0.900258 -0.000192 0.021106 -0.001266
0.900000 1.494822 0.000116 0.900332 -0.000180 0.018787 -0.001127
