0.380000 0.000000 0.000000 0.380000 0.000000 -10.529800 0.631788
0.380000 -0.000000 0.000000 0.379950 0.000050 -10.528773 0.631726
0.380000 -0.000000 0.000000 0.379900 0.000100 -10.527746 0.631665
0.380000 -0.000000 0.000000 0.379849 0.000149 -10.526719 0.631603
0.380000 -0.000000 0.000000 0.379799 0.000199 -10.525692 0.631542
0.380000 -0.000000 0.000000 0.379548 0.000448 -10.520558 0.631233
0.380000 -0.000000 0.000000 0.379297 0.000697 -10.515425 0.630925
0.380000 -0.000000 0.000000 0.379046 0.000945 -10.510293 0.630618
0.380000 -0.000000 0.000000 0.378796 0.001194 -10.505161 0.630310
0.380000 -0.000000 0.000000 0.377544 0.002435 -10.479515 0.628771
0.380000 -0.000001 0.000001 0.376296 0.003672 -10.453891 0.627233
0.380000 -0.000001 0.000001 0.375050 0.004907 -10.428286 0.625697
0.380000 -0.000001 0.000001 0.373808 0.006138 -10.402703 0.624162
0.380000 -0.000006 0.000006 0.367642 0.012251 -10.275094 0.616506
0.380000 -0.000013 0.000013 0.361551 0.018289 -10.148001 0.608880
0.380000 -0.000023 0.000023 0.355535 0.024253 -10.021424 0.601285
0.380000 -0.000036 0.000036 0.349594 0.030144 -9.895364 0.593722
0.380000 -0.000141 0.000140 0.320980 0.058512 -9.272813 0.556369
0.380000 -0.000311 0.000309 0.294139 0.085125 -8.663190 0.519791
0.380000 -0.000543 0.000538 0.269003 0.110052 -8.066496 0.483990
0.380000 -0.000831 0.000824 0.245508 0.133360 -7.482721 0.448963
0.380000 -0.001737 0.001723 0.195212 0.183285 -6.128038 0.367682
0.380000 -0.002905 0.002881 0.153234 0.225019 -4.847718 0.290863
0.380000 -0.004288 0.004254 0.118781 0.259356 -3.640785 0.218447
0.380000 -0.005847 0.005802 0.091118 0.287040 -2.506006 0.150360
0.380000 -0.008315 0.008256 0.061933 0.316493 -1.001690 0.060101
0.380000 -0.010975 0.010905 0.043461 0.335516 0.363298 -0.021798
0.380000 -0.013748 0.013674 0.034047 0.345760 1.595705 -0.095742
0.380000 -0.016566 0.016495 0.032196 0.348715 2.702633 -0.162158
0.380000 -0.020107 0.020054 0.038629 0.344058 3.935217 -0.236113
0.380000 -0.023542 0.023527 0.052766 0.332097 4.995829 -0.299750
0.380000 -0.026804 0.026851 0.072674 0.314735 5.900921 -0.354055
0.380000 -0.029839 0.029977 0.096708 0.293588 6.665478 -0.399929
0.380000 -0.033091 0.033377 0.128697 0.265424 7.409386 -0.444563
0.380000 -0.035940 0.036423 0.162901 0.235428 7.999087 -0.479945
0.380000 -0.038371 0.039104 0.198012 0.204852 8.455436 -0.507326
0.380000 -0.040374 0.041415 0.232985 0.174693 8.796044 -0.527763
0.380000 -0.042032 0.043464 0.268997 0.144029 9.047897 -0.542874
0.380000 -0.043237 0.045129 0.303452 0.115129 9.205520 -0.552331
0.380000 -0.044013 0.046438 0.335977 0.088315 9.284255 -0.557055
0.380000 -0.044384 0.047418 0.366286 0.063832 9.297231 -0.557834
0.380000 -0.044380 0.048086 0.393804 0.042124 9.256972 -0.555418
0.380000 -0.044042 0.048494 0.419030 0.022750 9.174144 -0.550449
0.380000 -0.043400 0.048672 0.442010 0.005633 9.057311 -0.543439
0.380000 -0.042480 0.048648 0.462795 -0.009302 8.913877 -0.534833
0.380000 -0.041370 0.048459 0.480642 -0.021605 8.758277 -0.525497
0.380000 -0.040054 0.048132 0.496712 -0.032177 8.588967 -0.515338
0.380000 -0.038555 0.047688 0.511139 -0.041165 8.409884 -0.504593
0.380000 -0.036892 0.047144 0.524046 -0.048701 8.224393 -0.493464
0.380000 -0.034918 0.046459 0.536485 -0.055398 8.018948 -0.481137
0.380000 -0.032790 0.045695 0.547464 -0.060736 7.811953 -0.468717
0.380000 -0.030528 0.044870 0.557153 -0.064894 7.605551 -0.456333
0.380000 -0.028146 0.043997 0.565705 -0.068026 7.401484 -0.444089
0.380000 -0.025003 0.042850 0.575053 -0.070727 7.150268 -0.429016
0.380000 -0.021716 0.041669 0.583102 -0.072317 6.906168 -0.414370
0.380000 -0.018306 0.040469 0.590091 -0.073038 6.669924 -0.400195
0.380000 -0.014788 0.039262 0.596212 -0.073081 6.442107 -0.386526
0.380000 -0.009982 0.037672 0.603267 -0.072371 6.153537 -0.369212
0.380000 -0.005030 0.036103 0.609414 -0.071077 5.878796 -0.352728
0.380000 0.000049 0.034565 0.614896 -0.069433 5.616325 -0.336979
0.380000 0.005243 0.033065 0.619886 -0.067606 5.365396 -0.321924
0.380000 0.011456 0.031363 0.625283 -0.065403 5.085102 -0.305106
0.380000 0.017802 0.029718 0.630303 -0.063218 4.816719 -0.289003
0.380000 0.024276 0.028124 0.635003 -0.061094 4.558312 -0.273499
0.380000 0.030868 0.026583 0.639449 -0.059085 4.309004 -0.258540
0.380000 0.037084 0.025199 0.643386 -0.057352 4.085092 -0.245106
0.380000 0.043391 0.023856 0.647122 -0.055716 3.867444 -0.232047
0.380000 0.049785 0.022549 0.650647 -0.054160 3.655603 -0.219336
0.380000 0.056261 0.021279 0.653967 -0.052681 3.449236 -0.206954
0.380000 0.064183 0.019791 0.657707 -0.050989 3.206932 -0.192416
0.380000 0.072207 0.018350 0.661130 -0.049370 2.971971 -0.178318
0.380000 0.080325 0.016955 0.664230 -0.047803 2.744202 -0.164652
0.380000 0.088528 0.015604 0.667014 -0.046284 2.523411 -0.151405
0.380000 0.099788 0.013838 0.670300 -0.044287 2.234351 -0.134061
0.380000 0.111166 0.012148 0.673021 -0.042347 1.957747 -0.117465
0.380000 0.122638 0.010534 0.675198 -0.040457 1.693470 -0.101608
0.380000 0.134185 0.008992 0.676855 -0.038616 1.441083 -0.086465
0.380000 0.150083 0.006995 0.678315 -0.036160 1.114122 -0.066847
0.380000 0.166036 0.005127 0.678912 -0.033793 0.808317 -0.048499
0.380000 0.181998 0.003383 0.678722 -0.031529 0.522905 -0.031374
0.380000 0.197930 0.001759 0.677784 -0.029348 0.257066 -0.015424
0.380000 0.214210 0.000210 0.676097 -0.027186 0.003815 -0.000229
0.380000 0.230380 -0.001222 0.673745 -0.025114 -0.230383 0.013823
0.380000 0.246404 -0.002545 0.670779 -0.023123 -0.446400 0.026784
0.380000 0.262251 -0.003760 0.667261 -0.021221 -0.644941 0.038696
0.380000 0.279150 -0.004960 0.662898 -0.019267 -0.840891 0.050453
0.380000 0.295774 -0.006047 0.658011 -0.017412 -1.018303 0.061098
0.380000 0.312093 -0.007026 0.652662 -0.015663 -1.177992 0.070680
0.380000 0.328083 -0.007904 0.646901 -0.014007 -1.321127 0.079268
0.380000 0.343489 -0.008676 0.640864 -0.012457 -1.446785 0.086807
0.380000 0.358533 -0.009360 0.634521 -0.010993 -1.558051 0.093483
0.380000 0.373200 -0.009961 0.627918 -0.009614 -1.655922 0.099355
0.380000 0.387475 -0.010484 0.621091 -0.008312 -1.740907 0.104454
0.380000 0.402805 -0.010977 0.613332 -0.006973 -1.820963 0.109258
0.380000 0.417627 -0.011387 0.605391 -0.005721 -1.887163 0.113230
0.380000 0.431932 -0.011718 0.597298 -0.004538 -1.940153 0.116409
0.380000 0.445712 -0.011976 0.589131 -0.003455 -1.981378 0.118883
0.380000 0.452672 -0.012083 0.584872 -0.002937 -1.998650 0.119919
0.380000 0.459488 -0.012174 0.580601 -0.002436 -2.013074 0.120784
0.380000 0.466160 -0.012247 0.576323 -0.001955 -2.024770 0.121486
0.380000 0.472689 -0.012305 0.572044 -0.001492 -2.033841 0.122030
0.380000 0.479074 -0.012348 0.567768 -0.001048 -2.040389 0.122423
0.380000 0.485315 -0.012376 0.563501 -0.000623 -2.044540 0.122672
0.380000 0.491413 -0.012390 0.559246 -0.000218 -2.046408 0.122785
0.380000 0.497368 -0.012391 0.555009 0.000169 -2.046096 0.122766
0.380000 0.504786 -0.012373 0.549612 0.000637 -2.042677 0.122561
0.380000 0.511973 -0.012336 0.544256 0.001076 -2.036067 0.122164
0.380000 0.518930 -0.012281 0.538947 0.001487 -2.026468 0.121588
0.380000 0.525660 -0.012209 0.533690 0.001871 -2.014075 0.120844
0.380000 0.533787 -0.012095 0.527176 0.002316 -1.994856 0.119691
0.380000 0.541566 -0.011959 0.520764 0.002722 -1.971885 0.118313
0.380000 0.549001 -0.011802 0.514462 0.003091 -1.945499 0.116730
0.380000 0.556099 -0.011626 0.508280 0.003424 -1.916023 0.114961
0.380000 0.567557 -0.011283 0.497925 0.003922 -1.858845 0.111531
0.380000 0.578071 -0.010898 0.487977 0.004327 -1.794865 0.107692
0.380000 0.587678 -0.010480 0.478460 0.004647 -1.725438 0.103526
0.380000 0.596420 -0.010035 0.469388 0.004894 -1.651716 0.099103
0.380000 0.600713 -0.009791 0.464769 0.004998 -1.611302 0.096678
0.380000 0.604781 -0.009543 0.460280 0.005083 -1.570140 0.094208
0.380000 0.608631 -0.009290 0.455922 0.005153 -1.528363 0.091702
0.380000 0.612270 -0.009035 0.451696 0.005206 -1.486113 0.089167
0.380000 0.615704 -0.008777 0.447603 0.005244 -1.443526 0.086612
0.380000 0.618939 -0.008518 0.443641 0.005267 -1.400706 0.084042
0.380000 0.621982 -0.008258 0.439811 0.005277 -1.357761 0.081466
0.380000 0.624839 -0.007998 0.436112 0.005275 -1.314792 0.078888
0.380000 0.628281 -0.007661 0.431503 0.005257 -1.259129 0.075548
0.380000 0.631436 -0.007325 0.427111 0.005220 -1.203777 0.072227
0.380000 0.634317 -0.006993 0.422930 0.005170 -1.148918 0.068935
0.380000 0.636936 -0.006664 0.418960 0.005104 -1.094692 0.065682
0.380000 0.639748 -0.006277 0.414477 0.005011 -1.030851 0.061851
0.380000 0.642228 -0.005897 0.410281 0.004900 -0.968300 0.058098
0.380000 0.644396 -0.005526 0.406368 0.004773 -0.907154 0.054429
0.380000 0.646275 -0.005165 0.402726 0.004633 -0.847729 0.050864
0.380000 0.647738 -0.004849 0.399663 0.004503 -0.795599 0.047736
0.380000 0.648996 -0.004542 0.396808 0.004364 -0.745119 0.044707
0.380000 0.650064 -0.004247 0.394154 0.004216 -0.696619 0.041797
0.380000 0.650956 -0.003961 0.391682 0.004073 -0.649656 0.038979
0.380000 0.651429 -0.003787 0.390228 0.003983 -0.620955 0.037257
0.380000 0.651840 -0.003617 0.388847 0.003890 -0.592948 0.035577
0.380000 0.652194 -0.003451 0.387532 0.003796 -0.565592 0.033935
0.380000 0.652492 -0.003289 0.386286 0.003699 -0.538948 0.032337
0.380000 0.652738 -0.003131 0.385105 0.003601 -0.513058 0.030783
0.380000 0.652934 -0.002978 0.383986 0.003502 -0.487865 0.029272
0.380000 0.653083 -0.002829 0.382928 0.003404 -0.463366 0.027802
0.380000 0.653187 -0.002684 0.381927 0.003306 -0.439559 0.026374
0.380000 0.653254 -0.002531 0.380901 0.003201 -0.414420 0.024865
0.380000 0.653273 -0.002383 0.379940 0.003096 -0.390094 0.023406
0.380000 0.653249 -0.002240 0.379041 0.002993 -0.366580 0.021995
0.380000 0.653184 -0.002102 0.378203 0.002890 -0.343867 0.020632
0.380000 0.653053 -0.001939 0.377256 0.002765 -0.317166 0.019030
0.380000 0.652870 -0.001784 0.376392 0.002642 -0.291640 0.017498
0.380000 0.652640 -0.001635 0.375607 0.002521 -0.267265 0.016036
0.380000 0.652366 -0.001494 0.374896 0.002402 -0.244030 0.014642
0.380000 0.652005 -0.001340 0.374167 0.002268 -0.218721 0.013123
0.380000 0.651598 -0.001194 0.373527 0.002138 -0.194852 0.011691
0.380000 0.651152 -0.001057 0.372969 0.002010 -0.172394 0.010344
0.380000 0.650671 -0.000929 0.372489 0.001887 -0.151293 0.009078
0.380000 0.650161 -0.000808 0.372081 0.001766 -0.131508 0.007891
0.380000 0.649626 -0.000695 0.371740 0.001651 -0.112997 0.006780
0.380000 0.649071 -0.000590 0.371458 0.001542 -0.095702 0.005742
0.380000 0.648500 -0.000492 0.371235 0.001436 -0.079592 0.004776
0.380000 0.648120 -0.000431 0.371121 0.001367 -0.069714 0.004183
0.380000 0.647735 -0.000374 0.371028 0.001301 -0.060312 0.003619
0.380000 0.647347 -0.000319 0.370956 0.001236 -0.051371 0.003082
0.380000 0.646957 -0.000267 0.370903 0.001173 -0.042879 0.002573
0.380000 0.646564 -0.000218 0.370868 0.001113 -0.034822 0.002089
0.380000 0.646170 -0.000171 0.370850 0.001054 -0.027187 0.001631
0.380000 0.645776 -0.000127 0.370848 0.000997 -0.019962 0.001198
0.380000 0.645382 -0.000086 0.370861 0.000941 -0.013135 0.000788
0.380000 0.644822 -0.000030 0.370905 0.000865 -0.004061 0.000244
0.380000 0.644266 0.000021 0.370976 0.000793 0.004265 -0.000256
0.380000 0.643714 0.000067 0.371071 0.000724 0.011880 -0.000713
0.380000 0.643169 0.000110 0.371187 0.000658 0.018815 -0.001129
0.380000 0.642614 0.000150 0.371328 0.000594 0.025299 -0.001518
0.380000 0.642069 0.000185 0.371488 0.000533 0.031132 -0.001868
0.380000 0.641535 0.000217 0.371665 0.000476 0.036345 -0.002181
0.380000 0.641012 0.000246 0.371855 0.000421 0.040978 -0.002459
0.380000 0.640502 0.000271 0.372058 0.000370 0.045065 -0.002704
0.380000 0.640005 0.000293 0.372272 0.000322 0.048638 -0.002918
0.380000 0.639521 0.000312 0.372494 0.000278 0.051728 -0.003104
0.380000 0.639052 0.000328 0.372723 0.000236 0.054370 -0.003262
0.380000 0.638639 0.000341 0.372937 0.000201 0.056400 -0.003384
0.380000 0.638239 0.000351 0.373155 0.000167 0.058103 -0.003486
0.380000 0.637851 0.000360 0.373377 0.000135 0.059505 -0.003570
0.380000 0.637475 0.000367 0.373600 0.000105 0.060617 -0.003637
0.380000 0.637155 0.000372 0.373798 0.000081 0.061375 -0.003682
0.380000 0.636845 0.000375 0.373996 0.000059 0.061938 -0.003716
0.380000 0.636545 0.000378 0.374193 0.000038 0.062317 -0.003739
0.380000 0.636255 0.000379 0.374391 0.000018 0.062527 -0.003752
0.380000 0.635963 0.000379 0.374596 -0.000001 0.062579 -0.003755
0.380000 0.635681 0.000379 0.374800 -0.000019 0.062471 -0.003748
0.380000 0.635411 0.000377 0.375002 -0.000035 0.062217 -0.003733
0.380000 0.635151 0.000375 0.375202 -0.000051 0.061824 -0.003709
0.380000 0.634814 0.000371 0.375469 -0.000069 0.061092 -0.003665
0.380000 0.634496 0.000365 0.375732 -0.000086 0.060147 -0.003609
0.380000 0.634196 0.000358 0.375989 -0.000101 0.059003 -0.003540
0.380000 0.633915 0.000351 0.376239 -0.000114 0.057703 -0.003462
0.380000 0.633741 0.000345 0.376398 -0.000121 0.056785 -0.003407
0.380000 0.633575 0.000339 0.376554 -0.000127 0.055813 -0.003349
0.380000 0.633415 0.000333 0.376706 -0.000133 0.054796 -0.003288
0.380000 0.633263 0.000327 0.376855 -0.000138 0.053735 -0.003224
0.380000 0.633118 0.000320 0.377001 -0.000143 0.052633 -0.003158
0.380000 0.632979 0.000313 0.377144 -0.000147 0.051497 -0.003090
0.380000 0.632848 0.000306 0.377283 -0.000150 0.050332 -0.003020
0.380000 0.632722 0.000299 0.377418 -0.000153 0.049143 -0.002949
0.380000 0.632573 0.000290 0.377584 -0.000157 0.047608 -0.002856
0.380000 0.632433 0.000280 0.377744 -0.000159 0.046048 -0.002763
0.380000 0.632302 0.000271 0.377898 -0.000160 0.044467 -0.002668
0.380000 0.632181 0.000261 0.378046 -0.000161 0.042875 -0.002572
0.380000 0.632042 0.000249 0.378222 -0.000161 0.040880 -0.002453
0.380000 0.631916 0.000237 0.378389 -0.000161 0.038891 -0.002333
0.380000 0.631802 0.000225 0.378547 -0.000160 0.036927 -0.002216
0.380000 0.631699 0.000213 0.378696 -0.000158 0.034977 -0.002099
0.380000 0.631603 0.000201 0.378842 -0.000155 0.033001 -0.001980
0.380000 0.631517 0.000189 0.378980 -0.000152 0.031028 -0.001862
0.380000 0.631443 0.000177 0.379112 -0.000151 0.028993 -0.001740
0.380000 0.631378 0.000166 0.379231 -0.000147 0.027043 -0.001623
0.380000 0.631352 0.000160 0.379281 -0.000143 0.026231 -0.001574
0.380000 0.631328 0.000155 0.379329 -0.000140 0.025428 -0.001526
0.380000 0.631305 0.000151 0.379376 -0.000138 0.024635 -0.001478
0.380000 0.631284 0.000146 0.379422 -0.000136 0.023849 -0.001431
0.380000 0.631264 0.000141 0.379467 -0.000134 0.023069 -0.001384
0.380000 0.631246 0.000136 0.379510 -0.000132 0.022298 -0.001338
0.380000 0.631230 0.000132 0.379551 -0.000130 0.021540 -0.001292
0.380000 0.631215 0.000127 0.379591 -0.000128 0.020794 -0.001248
0.380000 0.631195 0.000121 0.379646 -0.000124 0.019750 -0.001185
0.380000 0.631179 0.000115 0.379697 -0.000121 0.018734 -0.001124
0.380000 0.631165 0.000109 0.379745 -0.000118 0.017745 -0.001065
0.380000 0.631153 0.000103 0.379791 -0.000115 0.016785 -0.001007
0.380000 0.631141 0.000095 0.379849 -0.000110 0.015528 -0.000932
0.380000 0.631133 0.000088 0.379902 -0.000105 0.014323 -0.000859
0.380000 0.631128 0.000081 0.379950 -0.000100 0.013170 -0.000790
0.380000 0.631126 0.000074 0.379994 -0.000095 0.012071 -0.000724
0.380000 0.631127 0.000067 0.380035 -0.000090 0.010974 -0.000658
0.380000 0.631131 0.000061 0.380072 -0.000085 0.009939 -0.000596
0.380000 0.631137 0.000055 0.380107 -0.000081 0.008973 -0.000538
0.380000 0.631146 0.000050 0.380138 -0.000078 0.008053 -0.000483
