0.300000 0.000000 0.000000 0.300000 0.000000 -8.313000 0.498780
0.300000 -0.000000 0.000000 0.299950 0.000050 -8.311973 0.498718
0.300000 -0.000000 0.000000 0.299900 0.000100 -8.310946 0.498657
0.300000 -0.000000 0.000000 0.299849 0.000149 -8.309919 0.498595
0.300000 -0.000000 0.000000 0.299799 0.000199 -8.308892 0.498534
0.300000 -0.000000 0.000000 0.299548 0.000448 -8.303758 0.498226
0.300000 -0.000000 0.000000 0.299297 0.000697 -8.298626 0.497918
0.300000 -0.000000 0.000000 0.299047 0.000945 -8.293494 0.497610
0.300000 -0.000000 0.000000 0.298796 0.001194 -8.288363 0.497302
0.300000 -0.000000 0.000000 0.297546 0.002433 -8.262726 0.495764
0.300000 -0.000001 0.000001 0.296299 0.003669 -8.237115 0.494227
0.300000 -0.000001 0.000001 0.295057 0.004900 -8.211529 0.492692
0.300000 -0.000002 0.000002 0.293818 0.006128 -8.185970 0.491158
0.300000 -0.000007 0.000007 0.287682 0.012212 -8.058567 0.483514
0.300000 -0.000016 0.000016 0.281641 0.018200 -7.931817 0.475909
0.300000 -0.000029 0.000029 0.275694 0.024096 -7.805721 0.468343
0.300000 -0.000045 0.000045 0.269841 0.029899 -7.680279 0.460817
0.300000 -0.000177 0.000175 0.241942 0.057559 -7.062893 0.423774
0.300000 -0.000388 0.000385 0.216243 0.083043 -6.461884 0.387713
0.300000 -0.000672 0.000667 0.192637 0.106459 -5.877237 0.352634
0.300000 -0.001024 0.001015 0.171022 0.127910 -5.308914 0.318535
0.300000 -0.001906 0.001890 0.133344 0.165341 -4.220179 0.253211
0.300000 -0.002992 0.002968 0.102498 0.196051 -3.195781 0.191747
0.300000 -0.004243 0.004210 0.077788 0.220742 -2.234585 0.134075
0.300000 -0.005624 0.005582 0.058570 0.240060 -1.335236 0.080114
0.300000 -0.007753 0.007701 0.039519 0.259460 -0.158877 0.009533
0.300000 -0.010007 0.009949 0.028831 0.270738 0.901240 -0.054074
0.300000 -0.012322 0.012264 0.025124 0.275273 1.851466 -0.111088
0.300000 -0.014644 0.014593 0.027162 0.274294 2.698270 -0.161896
0.300000 -0.017481 0.017454 0.036114 0.266972 3.620021 -0.217201
0.300000 -0.020194 0.020209 0.050552 0.254483 4.405325 -0.264320
0.300000 -0.022734 0.022815 0.068996 0.238283 5.067799 -0.304068
0.300000 -0.025065 0.025235 0.090191 0.219600 5.619765 -0.337186
0.300000 -0.027504 0.027816 0.117294 0.195765 6.143857 -0.368631
0.300000 -0.029599 0.030096 0.145569 0.171046 6.549577 -0.392975
0.300000 -0.031345 0.032071 0.174075 0.146339 6.853684 -0.411221
0.300000 -0.032738 0.033743 0.202055 0.122362 7.070446 -0.424227
0.300000 -0.033812 0.035157 0.229749 0.098966 7.215849 -0.432951
0.300000 -0.034541 0.036283 0.255978 0.077170 7.295301 -0.437718
0.300000 -0.034947 0.037142 0.280526 0.057156 7.320137 -0.439208
0.300000 -0.035051 0.037758 0.303228 0.039057 7.300073 -0.438004
0.300000 -0.034886 0.038140 0.323197 0.023544 7.246492 -0.434790
0.300000 -0.034487 0.038343 0.341438 0.009775 7.166037 -0.429962
0.300000 -0.033875 0.038387 0.358012 -0.002328 7.064364 -0.423862
0.300000 -0.033069 0.038293 0.372978 -0.012842 6.946347 -0.416781
0.300000 -0.032147 0.038093 0.385706 -0.021395 6.823677 -0.409421
0.300000 -0.031085 0.037801 0.397180 -0.028733 6.693029 -0.401582
0.300000 -0.029897 0.037431 0.407500 -0.034962 6.556834 -0.393410
0.300000 -0.028595 0.036994 0.416758 -0.040182 6.417166 -0.385030
0.300000 -0.026948 0.036415 0.426343 -0.045130 6.252048 -0.375123
0.300000 -0.025179 0.035777 0.434770 -0.049004 6.086526 -0.365192
0.300000 -0.023304 0.035092 0.442186 -0.051960 5.922139 -0.355328
0.300000 -0.021333 0.034373 0.448719 -0.054129 5.760133 -0.345608
0.300000 -0.018741 0.033436 0.455857 -0.055920 5.561303 -0.333678
0.300000 -0.016035 0.032475 0.462012 -0.056886 5.368463 -0.322108
0.300000 -0.013231 0.031503 0.467377 -0.057218 5.181973 -0.310918
0.300000 -0.010342 0.030531 0.472101 -0.057068 5.002148 -0.300129
0.300000 -0.006165 0.029178 0.477888 -0.056280 4.761379 -0.285683
0.300000 -0.001858 0.027850 0.482949 -0.055066 4.532340 -0.271940
0.300000 0.002565 0.026551 0.487484 -0.053616 4.313389 -0.258803
0.300000 0.007092 0.025288 0.491634 -0.052064 4.103979 -0.246239
0.300000 0.011891 0.024019 0.495644 -0.050445 3.895970 -0.233758
0.300000 0.016786 0.022789 0.499405 -0.048864 3.695744 -0.221745
0.300000 0.021774 0.021596 0.502943 -0.047335 3.502230 -0.210134
0.300000 0.026847 0.020440 0.506293 -0.045886 3.314874 -0.198892
0.300000 0.031958 0.019329 0.509451 -0.044541 3.134639 -0.188078
0.300000 0.037145 0.018250 0.512431 -0.043266 2.959434 -0.177566
0.300000 0.042403 0.017201 0.515226 -0.042047 2.788955 -0.167337
0.300000 0.047728 0.016181 0.517841 -0.040882 2.622973 -0.157378
0.300000 0.054329 0.014971 0.520799 -0.039523 2.425671 -0.145540
0.300000 0.061015 0.013802 0.523478 -0.038216 2.234656 -0.134079
0.300000 0.067777 0.012671 0.525875 -0.036946 2.049822 -0.122989
0.300000 0.074608 0.011577 0.527998 -0.035711 1.870994 -0.112260
0.300000 0.084287 0.010105 0.530528 -0.034031 1.629973 -0.097798
0.300000 0.094062 0.008703 0.532546 -0.032400 1.400360 -0.084022
0.300000 0.103912 0.007369 0.534077 -0.030814 1.181995 -0.070920
0.300000 0.113816 0.006102 0.535146 -0.029273 0.974445 -0.058467
0.300000 0.126420 0.004586 0.535867 -0.027374 0.726382 -0.043583
0.300000 0.139044 0.003171 0.535934 -0.025545 0.494701 -0.029682
0.300000 0.151655 0.001851 0.535404 -0.023793 0.278748 -0.016725
0.300000 0.164223 0.000624 0.534311 -0.022107 0.077955 -0.004677
0.300000 0.178380 -0.000660 0.532447 -0.020274 -0.132049 0.007923
0.300000 0.192406 -0.001836 0.529979 -0.018526 -0.324204 0.019452
0.300000 0.206267 -0.002908 0.526955 -0.016850 -0.499367 0.029962
0.300000 0.219929 -0.003883 0.523447 -0.015261 -0.658348 0.039501
0.300000 0.233180 -0.004752 0.519562 -0.013778 -0.800154 0.048009
0.300000 0.246187 -0.005534 0.515303 -0.012375 -0.927803 0.055668
0.300000 0.258928 -0.006234 0.510726 -0.011064 -1.041962 0.062518
0.300000 0.271386 -0.006857 0.505854 -0.009822 -1.143543 0.068613
0.300000 0.281715 -0.007329 0.501514 -0.008815 -1.220340 0.073220
0.300000 0.291819 -0.007751 0.497014 -0.007857 -1.288963 0.077338
0.300000 0.301692 -0.008127 0.492374 -0.006944 -1.349909 0.080995
0.300000 0.311328 -0.008457 0.487617 -0.006079 -1.403470 0.084208
0.300000 0.320112 -0.008727 0.483086 -0.005316 -1.447168 0.086830
0.300000 0.328680 -0.008962 0.478485 -0.004594 -1.485109 0.089107
0.300000 0.337028 -0.009163 0.473827 -0.003910 -1.517562 0.091054
0.300000 0.345154 -0.009333 0.469126 -0.003263 -1.544856 0.092691
0.300000 0.355412 -0.009509 0.462950 -0.002471 -1.573160 0.094390
0.300000 0.365286 -0.009639 0.456747 -0.001739 -1.593772 0.095626
0.300000 0.374778 -0.009726 0.450542 -0.001066 -1.607307 0.096438
0.300000 0.383886 -0.009772 0.444352 -0.000445 -1.614272 0.096856
0.300000 0.389578 -0.009782 0.440361 -0.000067 -1.615506 0.096930
0.300000 0.395110 -0.009777 0.436390 0.000288 -1.614350 0.096861
0.300000 0.400484 -0.009759 0.432444 0.000624 -1.610938 0.096656
0.300000 0.405701 -0.009728 0.428527 0.000940 -1.605403 0.096324
0.300000 0.410763 -0.009684 0.424644 0.001236 -1.597874 0.095872
0.300000 0.415669 -0.009629 0.420797 0.001514 -1.588470 0.095308
0.300000 0.420423 -0.009564 0.416990 0.001775 -1.577307 0.094638
0.300000 0.425025 -0.009488 0.413227 0.002018 -1.564500 0.093870
0.300000 0.432239 -0.009343 0.407166 0.002382 -1.540262 0.092416
0.300000 0.439060 -0.009177 0.401241 0.002704 -1.512367 0.090742
0.300000 0.445498 -0.008990 0.395462 0.002987 -1.481247 0.088875
0.300000 0.451563 -0.008786 0.389838 0.003234 -1.447306 0.086838
0.300000 0.457997 -0.008537 0.383663 0.003471 -1.405923 0.084355
0.300000 0.463981 -0.008272 0.377706 0.003668 -1.361918 0.081715
0.300000 0.469531 -0.007994 0.371970 0.003830 -1.315763 0.078946
0.300000 0.474664 -0.007705 0.366464 0.003956 -1.267899 0.076074
0.300000 0.478242 -0.007483 0.362499 0.004029 -1.231232 0.073874
0.300000 0.481602 -0.007258 0.358665 0.004086 -1.193993 0.071640
0.300000 0.484754 -0.007030 0.354965 0.004125 -1.156325 0.069380
0.300000 0.487704 -0.006801 0.351395 0.004150 -1.118370 0.067102
0.300000 0.490459 -0.006570 0.347956 0.004164 -1.080246 0.064815
0.300000 0.493028 -0.006339 0.344648 0.004164 -1.042074 0.062524
0.300000 0.495416 -0.006108 0.341469 0.004155 -1.003970 0.060238
0.300000 0.497632 -0.005878 0.338419 0.004134 -0.966019 0.057961
0.300000 0.499905 -0.005624 0.335172 0.004100 -0.924058 0.055444
0.300000 0.501982 -0.005372 0.332081 0.004054 -0.882518 0.052951
0.300000 0.503873 -0.005123 0.329144 0.003997 -0.841483 0.050489
0.300000 0.505586 -0.004878 0.326357 0.003932 -0.801083 0.048065
0.300000 0.507280 -0.004613 0.323455 0.003852 -0.757394 0.045444
0.300000 0.508782 -0.004354 0.320727 0.003764 -0.714686 0.042881
0.300000 0.510105 -0.004101 0.318168 0.003667 -0.673102 0.040386
0.300000 0.511259 -0.003855 0.315771 0.003566 -0.632606 0.037956
0.300000 0.511988 -0.003683 0.314150 0.003491 -0.604265 0.036256
0.300000 0.512640 -0.003514 0.312609 0.003413 -0.576550 0.034593
0.300000 0.513218 -0.003350 0.311143 0.003334 -0.549454 0.032967
0.300000 0.513727 -0.003189 0.309753 0.003252 -0.523022 0.031381
0.300000 0.514171 -0.003033 0.308437 0.003168 -0.497282 0.029837
0.300000 0.514551 -0.002881 0.307192 0.003084 -0.472219 0.028333
0.300000 0.514873 -0.002732 0.306015 0.002997 -0.447845 0.026871
0.300000 0.515139 -0.002588 0.304905 0.002911 -0.424160 0.025450
0.300000 0.515377 -0.002430 0.303721 0.002813 -0.398104 0.023886
0.300000 0.515552 -0.002277 0.302617 0.002715 -0.372944 0.022377
0.300000 0.515668 -0.002129 0.301590 0.002617 -0.348685 0.020921
0.300000 0.515730 -0.001987 0.300636 0.002520 -0.325319 0.019519
0.300000 0.515738 -0.001836 0.299662 0.002413 -0.300464 0.018028
0.300000 0.515690 -0.001691 0.298770 0.002306 -0.276692 0.016602
0.300000 0.515589 -0.001553 0.297959 0.002200 -0.253981 0.015239
0.300000 0.515441 -0.001421 0.297222 0.002095 -0.232335 0.013940
0.300000 0.515243 -0.001292 0.296536 0.001990 -0.211099 0.012666
0.300000 0.515004 -0.001169 0.295922 0.001886 -0.190959 0.011458
0.300000 0.514728 -0.001053 0.295375 0.001786 -0.171915 0.010315
0.300000 0.514420 -0.000943 0.294891 0.001688 -0.153899 0.009234
0.300000 0.514086 -0.000840 0.294470 0.001592 -0.137024 0.008221
0.300000 0.513727 -0.000743 0.294105 0.001500 -0.121108 0.007266
0.300000 0.513347 -0.000652 0.293790 0.001411 -0.106078 0.006365
0.300000 0.512948 -0.000566 0.293525 0.001324 -0.091980 0.005519
0.300000 0.512681 -0.000513 0.293379 0.001268 -0.083330 0.005000
0.300000 0.512408 -0.000462 0.293250 0.001213 -0.075044 0.004503
0.300000 0.512130 -0.000414 0.293138 0.001160 -0.067119 0.004027
0.300000 0.511848 -0.000368 0.293043 0.001109 -0.059539 0.003572
0.300000 0.511563 -0.000324 0.292963 0.001059 -0.052292 0.003138
0.300000 0.511274 -0.000281 0.292898 0.001010 -0.045376 0.002723
0.300000 0.510984 -0.000241 0.292848 0.000963 -0.038784 0.002327
0.300000 0.510691 -0.000203 0.292811 0.000916 -0.032507 0.001950
0.300000 0.510299 -0.000155 0.292782 0.000857 -0.024618 0.001477
0.300000 0.509907 -0.000110 0.292774 0.000799 -0.017255 0.001035
0.300000 0.509514 -0.000068 0.292785 0.000744 -0.010395 0.000624
0.300000 0.509122 -0.000029 0.292815 0.000690 -0.004020 0.000241
0.300000 0.508581 0.000021 0.292883 0.000620 0.004089 -0.000245
0.300000 0.508045 0.000065 0.292981 0.000554 0.011344 -0.000681
0.300000 0.507518 0.000105 0.293104 0.000491 0.017791 -0.001067
0.300000 0.507001 0.000140 0.293249 0.000432 0.023489 -0.001409
0.300000 0.506653 0.000161 0.293359 0.000394 0.026997 -0.001620
0.300000 0.506311 0.000181 0.293478 0.000358 0.030189 -0.001811
0.300000 0.505974 0.000198 0.293603 0.000324 0.033081 -0.001985
0.300000 0.505645 0.000214 0.293735 0.000291 0.035687 -0.002141
0.300000 0.505323 0.000229 0.293873 0.000260 0.038018 -0.002281
0.300000 0.505008 0.000242 0.294016 0.000231 0.040090 -0.002405
0.300000 0.504700 0.000253 0.294163 0.000202 0.041917 -0.002515
0.300000 0.504401 0.000263 0.294314 0.000176 0.043511 -0.002611
0.300000 0.504067 0.000272 0.294490 0.000147 0.045070 -0.002704
0.300000 0.503744 0.000280 0.294669 0.000121 0.046360 -0.002782
0.300000 0.503432 0.000287 0.294850 0.000096 0.047396 -0.002844
0.300000 0.503130 0.000292 0.295032 0.000073 0.048199 -0.002892
0.300000 0.502808 0.000296 0.295236 0.000050 0.048836 -0.002930
0.300000 0.502498 0.000298 0.295440 0.000028 0.049228 -0.002954
0.300000 0.502203 0.000299 0.295644 0.000008 0.049403 -0.002964
0.300000 0.501921 0.000299 0.295846 -0.000011 0.049368 -0.002962
0.300000 0.501647 0.000298 0.296049 -0.000028 0.049146 -0.002949
0.300000 0.501387 0.000296 0.296249 -0.000043 0.048739 -0.002924
0.300000 0.501140 0.000292 0.296447 -0.000057 0.048143 -0.002889
0.300000 0.500907 0.000288 0.296640 -0.000069 0.047416 -0.002845
0.300000 0.500748 0.000285 0.296775 -0.000076 0.046835 -0.002810
0.300000 0.500595 0.000281 0.296908 -0.000083 0.046196 -0.002772
0.300000 0.500449 0.000277 0.297039 -0.000089 0.045510 -0.002731
0.300000 0.500309 0.000272 0.297167 -0.000095 0.044773 -0.002686
0.300000 0.500176 0.000267 0.297293 -0.000100 0.043984 -0.002639
0.300000 0.500048 0.000262 0.297416 -0.000105 0.043155 -0.002589
0.300000 0.499926 0.000257 0.297536 -0.000110 0.042289 -0.002537
0.300000 0.499810 0.000252 0.297653 -0.000114 0.041394 -0.002484
0.300000 0.499687 0.000246 0.297781 -0.000117 0.040363 -0.002422
0.300000 0.499570 0.000239 0.297905 -0.000120 0.039305 -0.002358
0.300000 0.499461 0.000233 0.298025 -0.000122 0.038222 -0.002293
0.300000 0.499357 0.000226 0.298141 -0.000124 0.037121 -0.002227
0.300000 0.499246 0.000218 0.298269 -0.000126 0.035840 -0.002150
0.300000 0.499143 0.000210 0.298393 -0.000127 0.034547 -0.002073
0.300000 0.499047 0.000203 0.298511 -0.000127 0.033250 -0.001995
0.300000 0.498958 0.000195 0.298625 -0.000128 0.031949 -0.001917
0.300000 0.498869 0.000186 0.298744 -0.000127 0.030527 -0.001832
0.300000 0.498788 0.000177 0.298857 -0.000127 0.029109 -0.001747
0.300000 0.498714 0.000169 0.298964 -0.000125 0.027688 -0.001661
0.300000 0.498647 0.000160 0.299066 -0.000123 0.026290 -0.001577
0.300000 0.498586 0.000152 0.299165 -0.000122 0.024865 -0.001492
0.300000 0.498531 0.000143 0.299257 -0.000119 0.023481 -0.001409
0.300000 0.498482 0.000135 0.299343 -0.000115 0.022181 -0.001331
0.300000 0.498439 0.000127 0.299424 -0.000112 0.020898 -0.001254
0.300000 0.498417 0.000123 0.299470 -0.000111 0.020146 -0.001209
0.300000 0.498396 0.000119 0.299513 -0.000110 0.019409 -0.001165
0.300000 0.498378 0.000114 0.299554 -0.000108 0.018682 -0.001121
0.300000 0.498361 0.000110 0.299594 -0.000106 0.017971 -0.001078
0.300000 0.498345 0.000106 0.299632 -0.000104 0.017279 -0.001037
0.300000 0.498331 0.000102 0.299668 -0.000102 0.016602 -0.000996
0.300000 0.498318 0.000098 0.299702 -0.000100 0.015938 -0.000956
0.300000 0.498307 0.000094 0.299736 -0.000097 0.015289 -0.000917
0.300000 0.498294 0.000088 0.299779 -0.000094 0.014425 -0.000866
0.300000 0.498283 0.000083 0.299819 -0.000092 0.013588 -0.000815
0.300000 0.498274 0.000078 0.299857 -0.000089 0.012778 -0.000767
0.300000 0.498267 0.000074 0.299892 -0.000086 0.011995 -0.000720
0.300000 0.498261 0.000068 0.299934 -0.000082 0.011025 -0.000662
0.300000 0.498258 0.000062 0.299973 -0.000078 0.010099 -0.000606
0.300000 0.498257 0.000057 0.300008 -0.000074 0.009214 -0.000553
0.300000 0.498259 0.000052 0.300039 -0.000071 0.008373 -0.000502
0.300000 0.498261 0.000048 0.300058 -0.000068 0.007840 -0.000470
0.300000 0.498264 0.000045 0.300076 -0.000066 0.007326 -0.000440
0.300000 0.498268 0.000042 0.300093 -0.000063 0.006832 -0.000410
0.300000 0.498273 0.000039 0.300108 -0.000061 0.006356 -0.000381
