0.860000 0.000000 0.000000 0.860000 0.000000 -23.830600 1.429836
0.860000 -0.000000 0.000000 0.859950 0.000050 -23.829573 1.429774
0.860000 -0.000000 0.000000 0.859900 0.000100 -23.828546 1.429713
0.860000 -0.000000 0.000000 0.859849 0.000149 -23.827519 1.429651
0.860000 -0.000000 0.000000 0.859799 0.000199 -23.826492 1.429590
0.860000 -0.000000 0.000000 0.859548 0.000448 -23.821357 1.429281
0.860000 -0.000000 0.000000 0.859297 0.000697 -23.816223 1.428973
0.860000 -0.000000 0.000000 0.859046 0.000946 -23.811089 1.428665
0.860000 -0.000000 0.000000 0.858795 0.001195 -23.805956 1.428357
0.860000 -0.000000 0.000000 0.857541 0.002438 -23.780293 1.426818
0.860000 -0.000000 0.000000 0.856288 0.003680 -23.754640 1.425278
0.860000 -0.000000 0.000000 0.855037 0.004920 -23.728996 1.423740
0.860000 -0.000001 0.000001 0.853787 0.006159 -23.703361 1.422202
0.860000 -0.000003 0.000003 0.847558 0.012335 -23.575323 1.414519
0.860000 -0.000006 0.000006 0.841362 0.018477 -23.447513 1.406851
0.860000 -0.000010 0.000010 0.835200 0.024586 -23.319930 1.399196
0.860000 -0.000016 0.000016 0.829071 0.030662 -23.192575 1.391555
0.860000 -0.000064 0.000063 0.798923 0.060549 -22.559223 1.353553
0.860000 -0.000142 0.000141 0.769593 0.089626 -21.931575 1.315895
0.860000 -0.000251 0.000249 0.741067 0.117907 -21.309637 1.278578
0.860000 -0.000389 0.000385 0.713332 0.145406 -20.693413 1.241605
0.860000 -0.001382 0.001370 0.594888 0.262862 -17.916044 1.074963
0.860000 -0.002907 0.002882 0.491831 0.365119 -15.261273 0.915676
0.860000 -0.004891 0.004850 0.402977 0.453372 -12.729005 0.763740
0.860000 -0.007269 0.007210 0.327221 0.528736 -10.318966 0.619138
0.860000 -0.011430 0.011341 0.236142 0.619631 -6.942372 0.416542
0.860000 -0.016157 0.016039 0.168797 0.687287 -3.832982 0.229979
0.860000 -0.021293 0.021148 0.122179 0.734717 -0.983335 0.059000
0.860000 -0.026696 0.026534 0.093460 0.764750 1.616659 -0.097000
0.860000 -0.034126 0.033958 0.078468 0.782270 4.722472 -0.283348
0.860000 -0.041593 0.041448 0.085127 0.778993 7.442267 -0.446536
0.860000 -0.048919 0.048833 0.108553 0.759764 9.814679 -0.588881
0.860000 -0.055958 0.055974 0.144514 0.728768 11.875982 -0.712559
0.860000 -0.063668 0.063869 0.197687 0.682299 13.935224 -0.836113
0.860000 -0.070737 0.071204 0.258918 0.628659 15.669039 -0.940142
0.860000 -0.077099 0.077921 0.324950 0.571010 17.120702 -1.027242
0.860000 -0.082708 0.083982 0.393331 0.511720 18.323322 -1.099399
0.860000 -0.088203 0.090129 0.472705 0.443576 19.434778 -1.166087
0.860000 -0.092683 0.095410 0.551101 0.377103 20.290915 -1.217455
0.860000 -0.096171 0.099856 0.627307 0.313388 20.923142 -1.255389
0.860000 -0.098697 0.103504 0.700460 0.253184 21.356851 -1.281411
0.860000 -0.100465 0.106780 0.780441 0.188600 21.639476 -1.298369
0.860000 -0.101083 0.109137 0.855198 0.129567 21.720343 -1.303221
0.860000 -0.100635 0.110664 0.924500 0.076184 21.629682 -1.297781
0.860000 -0.099199 0.111439 0.988158 0.028529 21.394641 -1.283678
0.860000 -0.097052 0.111556 1.042071 -0.010560 21.069699 -1.264182
0.860000 -0.094195 0.111167 1.091185 -0.044936 20.662005 -1.239720
0.860000 -0.090695 0.110337 1.135637 -0.074796 20.189396 -1.211364
0.860000 -0.086613 0.109126 1.175553 -0.100317 19.668019 -1.180081
0.860000 -0.082155 0.107639 1.210092 -0.121119 19.129556 -1.147773
0.860000 -0.077260 0.105899 1.240778 -0.138324 18.570822 -1.114249
0.860000 -0.071981 0.103952 1.267879 -0.152221 18.002015 -1.080121
0.860000 -0.066361 0.101840 1.291648 -0.163084 17.431801 -1.045908
0.860000 -0.059359 0.099190 1.315743 -0.172369 16.767761 -1.006066
0.860000 -0.052006 0.096420 1.336122 -0.178381 16.120433 -0.967226
0.860000 -0.044360 0.093579 1.353308 -0.181649 15.495961 -0.929758
0.860000 -0.036464 0.090705 1.367758 -0.182630 14.898599 -0.893916
0.860000 -0.027161 0.087412 1.381516 -0.181502 14.250521 -0.855031
0.860000 -0.017631 0.084157 1.392935 -0.178606 13.641141 -0.818468
0.860000 -0.007911 0.080964 1.402586 -0.174496 13.068714 -0.784123
0.860000 0.001971 0.077854 1.410922 -0.169608 12.531205 -0.751872
0.860000 0.016875 0.073423 1.421705 -0.161734 11.793389 -0.707603
0.860000 0.032054 0.069204 1.431317 -0.153762 11.111746 -0.666705
0.860000 0.047497 0.065177 1.440263 -0.146130 10.472338 -0.628340
0.860000 0.063176 0.061345 1.448924 -0.139178 9.869012 -0.592141
0.860000 0.076297 0.058321 1.456018 -0.134075 9.394192 -0.563652
0.860000 0.089574 0.055405 1.463013 -0.129475 8.935064 -0.536104
0.860000 0.103006 0.052583 1.469854 -0.125304 8.489117 -0.509347
0.860000 0.116589 0.049849 1.476528 -0.121532 8.054644 -0.483279
0.860000 0.131407 0.046989 1.483515 -0.117860 7.597256 -0.455835
0.860000 0.146389 0.044213 1.490177 -0.114484 7.150889 -0.429053
0.860000 0.161525 0.041515 1.496451 -0.111323 6.715118 -0.402907
0.860000 0.176807 0.038891 1.502311 -0.108334 6.289492 -0.377370
0.860000 0.197391 0.035498 1.509441 -0.104550 5.737184 -0.344231
0.860000 0.218188 0.032225 1.515736 -0.100913 5.202786 -0.312167
0.860000 0.239170 0.029066 1.521185 -0.097377 4.686658 -0.281199
0.860000 0.260313 0.026020 1.525799 -0.093917 4.188273 -0.251296
0.860000 0.287839 0.022240 1.530530 -0.089513 3.569691 -0.214181
0.860000 0.315532 0.018641 1.533961 -0.085210 2.980501 -0.178830
0.860000 0.343338 0.015219 1.536193 -0.081045 2.420339 -0.145220
0.860000 0.371211 0.011968 1.537255 -0.076979 1.888158 -0.113290
0.860000 0.398607 0.008934 1.537193 -0.073052 1.391912 -0.083515
0.860000 0.425979 0.006057 1.536137 -0.069234 0.921401 -0.055284
0.860000 0.453290 0.003332 1.534150 -0.065531 0.475815 -0.028549
0.860000 0.480502 0.000754 1.531285 -0.061938 0.054433 -0.003266
0.860000 0.523195 -0.003029 1.525074 -0.056460 -0.563918 0.033835
0.860000 0.565430 -0.006471 1.517016 -0.051264 -1.126270 0.067576
0.860000 0.607093 -0.009585 1.507332 -0.046376 -1.634892 0.098094
0.860000 0.648088 -0.012394 1.496167 -0.041752 -2.093788 0.125627
0.860000 0.684601 -0.014694 1.484864 -0.037739 -2.469052 0.148143
0.860000 0.720432 -0.016768 1.472601 -0.033934 -2.807313 0.168439
0.860000 0.755528 -0.018628 1.459508 -0.030346 -3.111181 0.186671
0.860000 0.789844 -0.020287 1.445655 -0.026937 -3.381550 0.202893
0.860000 0.816580 -0.021468 1.434148 -0.024347 -3.573690 0.214421
0.860000 0.842778 -0.022533 1.422289 -0.021882 -3.746798 0.224808
0.860000 0.868421 -0.023487 1.410111 -0.019528 -3.901615 0.234097
0.860000 0.893497 -0.024336 1.397668 -0.017292 -4.039185 0.242351
0.860000 0.917994 -0.025084 1.385003 -0.015172 -4.160470 0.249628
0.860000 0.941902 -0.025737 1.372146 -0.013157 -4.266113 0.255967
0.860000 0.965214 -0.026299 1.359138 -0.011249 -4.356897 0.261414
0.860000 0.987923 -0.026775 1.346008 -0.009440 -4.433600 0.266016
0.860000 1.011932 -0.027201 1.331625 -0.007577 -4.501886 0.270113
0.860000 1.035217 -0.027537 1.317178 -0.005827 -4.555328 0.273320
0.860000 1.057778 -0.027787 1.302704 -0.004183 -4.594861 0.275692
0.860000 1.079614 -0.027958 1.288238 -0.002643 -4.621324 0.277279
0.860000 1.103793 -0.028062 1.271679 -0.001002 -4.636677 0.278201
0.860000 1.127021 -0.028076 1.255218 0.000513 -4.637155 0.278229
0.860000 1.149306 -0.028005 1.238894 0.001908 -4.623913 0.277435
0.860000 1.170656 -0.027858 1.222745 0.003186 -4.598102 0.275886
0.860000 1.195216 -0.027587 1.203516 0.004585 -4.551673 0.273100
0.860000 1.218450 -0.027224 1.184647 0.005830 -4.490261 0.269416
0.860000 1.240387 -0.026780 1.166187 0.006926 -4.415592 0.264936
0.860000 1.261054 -0.026264 1.148169 0.007892 -4.329189 0.259751
0.860000 1.276234 -0.025819 1.134517 0.008557 -4.254996 0.255300
0.860000 1.290685 -0.025341 1.121167 0.009150 -4.175282 0.250517
0.860000 1.304424 -0.024833 1.108128 0.009679 -4.090656 0.245439
0.860000 1.317469 -0.024298 1.095415 0.010142 -4.001713 0.240103
0.860000 1.329837 -0.023740 1.083039 0.010542 -3.909036 0.234542
0.860000 1.341546 -0.023162 1.071004 0.010885 -3.813116 0.228787
0.860000 1.352614 -0.022566 1.059319 0.011171 -3.714423 0.222865
0.860000 1.363062 -0.021957 1.047984 0.011408 -3.613452 0.216807
0.860000 1.373658 -0.021286 1.036152 0.011613 -3.502469 0.210148
0.860000 1.383577 -0.020606 1.024735 0.011767 -3.389827 0.203390
0.860000 1.392843 -0.019917 1.013734 0.011874 -3.276026 0.196562
0.860000 1.401482 -0.019224 1.003148 0.011937 -3.161462 0.189688
0.860000 1.411595 -0.018340 0.990289 0.011959 -3.015464 0.180928
0.860000 1.420782 -0.017457 0.978094 0.011922 -2.869569 0.172174
0.860000 1.429090 -0.016577 0.966557 0.011829 -2.724278 0.163457
0.860000 1.436568 -0.015706 0.955670 0.011685 -2.580578 0.154835
0.860000 1.441854 -0.015036 0.947616 0.011547 -2.469982 0.148199
0.860000 1.446686 -0.014374 0.939942 0.011386 -2.360877 0.141653
0.860000 1.451087 -0.013723 0.932648 0.011196 -2.253668 0.135220
0.860000 1.455077 -0.013083 0.925710 0.010994 -2.148248 0.128895
0.860000 1.458676 -0.012454 0.919128 0.010775 -2.044705 0.122682
0.860000 1.461906 -0.011838 0.912890 0.010543 -1.943291 0.116597
0.860000 1.464785 -0.011237 0.906972 0.010315 -1.843996 0.110640
0.860000 1.467334 -0.010649 0.901391 0.010067 -1.747120 0.104827
0.860000 1.469223 -0.010170 0.896984 0.009841 -1.668214 0.100093
0.860000 1.470904 -0.009701 0.892792 0.009612 -1.591114 0.095467
0.860000 1.472388 -0.009243 0.888816 0.009371 -1.515862 0.090952
0.860000 1.473686 -0.008797 0.885043 0.009130 -1.442481 0.086549
0.860000 1.474717 -0.008399 0.881762 0.008914 -1.377024 0.082621
0.860000 1.475607 -0.008011 0.878643 0.008695 -1.313155 0.078789
0.860000 1.476363 -0.007632 0.875680 0.008475 -1.250903 0.075054
0.860000 1.476991 -0.007264 0.872872 0.008253 -1.190267 0.071416
0.860000 1.477587 -0.006835 0.869706 0.007985 -1.119788 0.067187
0.860000 1.478020 -0.006421 0.866746 0.007716 -1.051651 0.063099
0.860000 1.478302 -0.006020 0.863985 0.007448 -0.985841 0.059150
0.860000 1.478444 -0.005634 0.861414 0.007180 -0.922370 0.055342
0.860000 1.478414 -0.005079 0.857884 0.006784 -0.831163 0.049870
0.860000 1.478118 -0.004556 0.854746 0.006390 -0.745188 0.044711
0.860000 1.477589 -0.004064 0.851981 0.005997 -0.664443 0.039867
0.860000 1.476852 -0.003602 0.849553 0.005618 -0.588681 0.035321
0.860000 1.476371 -0.003362 0.848356 0.005417 -0.549214 0.032953
0.860000 1.475840 -0.003130 0.847252 0.005218 -0.511193 0.030672
0.860000 1.475263 -0.002907 0.846235 0.005023 -0.474585 0.028475
0.860000 1.474643 -0.002693 0.845304 0.004830 -0.439382 0.026363
0.860000 1.473985 -0.002487 0.844456 0.004640 -0.405572 0.024334
0.860000 1.473291 -0.002289 0.843685 0.004453 -0.373115 0.022387
0.860000 1.472565 -0.002099 0.842988 0.004269 -0.341981 0.020519
0.860000 1.471811 -0.001917 0.842362 0.004090 -0.312145 0.018729
0.860000 1.470743 -0.001682 0.841617 0.003852 -0.273561 0.016414
0.860000 1.469635 -0.001461 0.840990 0.003622 -0.237258 0.014235
0.860000 1.468492 -0.001253 0.840473 0.003399 -0.203171 0.012190
0.860000 1.467323 -0.001058 0.840058 0.003184 -0.171217 0.010273
0.860000 1.465541 -0.000790 0.839619 0.002875 -0.127454 0.007647
0.860000 1.463728 -0.000549 0.839367 0.002585 -0.087975 0.005278
0.860000 1.461901 -0.000333 0.839279 0.002318 -0.052443 0.003147
0.860000 1.460073 -0.000140 0.839346 0.002061 -0.020800 0.001248
0.860000 1.459325 -0.000067 0.839415 0.001958 -0.008923 0.000535
0.860000 1.458580 0.000002 0.839504 0.001859 0.002369 -0.000142
0.860000 1.457839 0.000068 0.839613 0.001763 0.013086 -0.000785
0.860000 1.457102 0.000130 0.839740 0.001671 0.023253 -0.001395
0.860000 1.456370 0.000189 0.839883 0.001582 0.032888 -0.001973
0.860000 1.455643 0.000245 0.840044 0.001495 0.042001 -0.002520
0.860000 1.454923 0.000298 0.840219 0.001411 0.050605 -0.003036
0.860000 1.454209 0.000347 0.840410 0.001329 0.058716 -0.003523
0.860000 1.453186 0.000414 0.840710 0.001215 0.069641 -0.004178
0.860000 1.452179 0.000475 0.841036 0.001106 0.079604 -0.004776
0.860000 1.451191 0.000531 0.841386 0.001003 0.088650 -0.005319
0.860000 1.450221 0.000581 0.841756 0.000904 0.096822 -0.005809
0.860000 1.448959 0.000640 0.842276 0.000781 0.106428 -0.006386
0.860000 1.447735 0.000691 0.842824 0.000665 0.114658 -0.006880
0.860000 1.446550 0.000734 0.843395 0.000557 0.121609 -0.007297
0.860000 1.445406 0.000769 0.843983 0.000457 0.127368 -0.007642
0.860000 1.444596 0.000791 0.844420 0.000389 0.130873 -0.007852
0.860000 1.443810 0.000809 0.844864 0.000326 0.133826 -0.008030
0.860000 1.443046 0.000824 0.845310 0.000266 0.136255 -0.008175
0.860000 1.442305 0.000836 0.845760 0.000209 0.138195 -0.008292
0.860000 1.441587 0.000846 0.846212 0.000156 0.139677 -0.008381
0.860000 1.440893 0.000852 0.846664 0.000106 0.140726 -0.008444
0.860000 1.440221 0.000857 0.847115 0.000060 0.141375 -0.008482
0.860000 1.439573 0.000859 0.847565 0.000016 0.141646 -0.008499
0.860000 1.438781 0.000858 0.848133 -0.000035 0.141488 -0.008489
0.860000 1.438025 0.000854 0.848695 -0.000081 0.140812 -0.008449
0.860000 1.437307 0.000848 0.849250 -0.000123 0.139661 -0.008380
0.860000 1.436624 0.000838 0.849795 -0.000160 0.138091 -0.008285
0.860000 1.436082 0.000829 0.850242 -0.000188 0.136495 -0.008190
0.860000 1.435564 0.000818 0.850680 -0.000214 0.134660 -0.008080
0.860000 1.435070 0.000806 0.851111 -0.000237 0.132613 -0.007957
0.860000 1.434599 0.000792 0.851532 -0.000258 0.130370 -0.007822
0.860000 1.434150 0.000778 0.851945 -0.000277 0.127949 -0.007677
0.860000 1.433724 0.000762 0.852347 -0.000293 0.125374 -0.007522
0.860000 1.433319 0.000746 0.852740 -0.000308 0.122660 -0.007360
0.860000 1.432936 0.000729 0.853123 -0.000321 0.119827 -0.007190
0.860000 1.432511 0.000708 0.853558 -0.000333 0.116375 -0.006982
0.860000 1.432115 0.000686 0.853979 -0.000344 0.112805 -0.006768
0.860000 1.431744 0.000664 0.854384 -0.000351 0.109139 -0.006548
0.860000 1.431399 0.000642 0.854774 -0.000357 0.105403 -0.006324
0.860000 1.431083 0.000619 0.855144 -0.000361 0.101666 -0.006100
0.860000 1.430789 0.000596 0.855499 -0.000364 0.097897 -0.005874
0.860000 1.430517 0.000573 0.855840 -0.000366 0.094117 -0.005647
0.860000 1.430266 0.000551 0.856166 -0.000366 0.090329 -0.005420
0.860000 1.430061 0.000530 0.856442 -0.000365 0.086979 -0.005219
0.860000 1.429870 0.000510 0.856707 -0.000363 0.083646 -0.005019
0.860000 1.429694 0.000490 0.856960 -0.000359 0.080328 -0.004820
0.860000 1.429532 0.000470 0.857202 -0.000355 0.077046 -0.004623
0.860000 1.429388 0.000451 0.857426 -0.000351 0.073924 -0.004435
0.860000 1.429256 0.000432 0.857640 -0.000346 0.070842 -0.004251
0.860000 1.429135 0.000414 0.857844 -0.000341 0.067813 -0.004069
0.860000 1.429025 0.000396 0.858039 -0.000335 0.064831 -0.003890
0.860000 1.428897 0.000373 0.858276 -0.000326 0.061054 -0.003663
0.860000 1.428785 0.000350 0.858499 -0.000318 0.057370 -0.003442
0.860000 1.428688 0.000329 0.858708 -0.000310 0.053769 -0.003226
0.860000 1.428606 0.000308 0.858903 -0.000300 0.050281 -0.003017
0.860000 1.428559 0.000294 0.859019 -0.000293 0.048116 -0.002887
0.860000 1.428518 0.000282 0.859131 -0.000286 0.045999 -0.002760
0.860000 1.428482 0.000269 0.859237 -0.000279 0.043934 -0.002636
0.860000 1.428450 0.000257 0.859338 -0.000272 0.041916 -0.002515
0.860000 1.428423 0.000245 0.859434 -0.000266 0.039945 -0.002397
0.860000 1.428400 0.000233 0.859525 -0.000259 0.038024 -0.002281
0.860000 1.428381 0.000222 0.859612 -0.000252 0.036153 -0.002169
0.860000 1.428365 0.000211 0.859694 -0.000245 0.034333 -0.002060
0.860000 1.428350 0.000196 0.859795 -0.000236 0.032008 -0.001920
0.860000 1.428341 0.000183 0.859889 -0.000227 0.029772 -0.001786
0.860000 1.428337 0.000170 0.859975 -0.000218 0.027622 -0.001657
0.860000 1.428338 0.000157 0.860055 -0.000209 0.025561 -0.001534
0.860000 1.428344 0.000145 0.860130 -0.000200 0.023527 -0.001412
0.860000 1.428353 0.000133 0.860198 -0.000191 0.021586 -0.001295
0.860000 1.428367 0.000122 0.860260 -0.000182 0.019737 -0.001184
0.860000 1.428385 0.000111 0.860317 -0.000173 0.017976 -0.001079
