0.700000 0.000000 0.000000 0.700000 0.000000 -19.397000 1.163820
0.700000 -0.000000 0.000000 0.699950 0.000050 -19.395973 1.163758
0.700000 -0.000000 0.000000 0.699900 0.000100 -19.394946 1.163697
0.700000 -0.000000 0.000000 0.699849 0.000149 -19.393919 1.163635
0.700000 -0.000000 0.000000 0.699799 0.000199 -19.392892 1.163574
0.700000 -0.000000 0.000000 0.699548 0.000448 -19.387758 1.163265
0.700000 -0.000000 0.000000 0.699297 0.000697 -19.382623 1.162957
0.700000 -0.000000 0.000000 0.699046 0.000946 -19.377490 1.162649
0.700000 -0.000000 0.000000 0.698795 0.001195 -19.372357 1.162341
0.700000 -0.000000 0.000000 0.697542 0.002437 -19.346697 1.160802
0.700000 -0.000000 0.000000 0.696290 0.003678 -19.321049 1.159263
0.700000 -0.000001 0.000000 0.695039 0.004918 -19.295412 1.157725
0.700000 -0.000001 0.000001 0.693791 0.006155 -19.269787 1.156187
0.700000 -0.000003 0.000003 0.687573 0.012319 -19.141826 1.148510
0.700000 -0.000007 0.000007 0.681396 0.018443 -19.014146 1.140849
0.700000 -0.000013 0.000013 0.675261 0.024525 -18.886745 1.133205
0.700000 -0.000020 0.000020 0.669166 0.030567 -18.759625 1.125577
0.700000 -0.000078 0.000077 0.639300 0.060176 -18.128225 1.087694
0.700000 -0.000174 0.000172 0.610430 0.088797 -17.503838 1.050230
0.700000 -0.000306 0.000303 0.582537 0.116452 -16.886467 1.013188
0.700000 -0.000473 0.000468 0.555600 0.143160 -16.276118 0.976567
0.700000 -0.001443 0.001430 0.458668 0.239296 -13.946646 0.836799
0.700000 -0.002864 0.002840 0.375035 0.322302 -11.725481 0.703529
0.700000 -0.004673 0.004634 0.303622 0.393267 -9.612226 0.576734
0.700000 -0.006810 0.006755 0.243418 0.453209 -7.606228 0.456374
0.700000 -0.010448 0.010368 0.173095 0.523498 -4.841477 0.290489
0.700000 -0.014532 0.014428 0.122282 0.574706 -2.302267 0.138136
0.700000 -0.018928 0.018805 0.088382 0.609430 0.018994 -0.001140
0.700000 -0.023519 0.023384 0.068986 0.630081 2.131582 -0.127895
0.700000 -0.029686 0.029552 0.061848 0.639513 4.610493 -0.276630
0.700000 -0.035838 0.035731 0.071551 0.632806 6.776705 -0.406602
0.700000 -0.041835 0.041788 0.094270 0.613748 8.660129 -0.519608
0.700000 -0.047562 0.047613 0.126709 0.585595 10.288571 -0.617314
0.700000 -0.053848 0.054072 0.173691 0.544408 11.915898 -0.714954
0.700000 -0.059560 0.060027 0.226956 0.497664 13.267567 -0.796054
0.700000 -0.064648 0.065436 0.283861 0.447921 14.379258 -0.862755
0.700000 -0.069074 0.070270 0.342369 0.397143 15.279316 -0.916759
0.700000 -0.073259 0.075025 0.408533 0.340302 16.071679 -0.964301
0.700000 -0.076599 0.079058 0.473437 0.285242 16.657918 -0.999475
0.700000 -0.079119 0.082402 0.536097 0.232845 17.065741 -1.023944
0.700000 -0.080850 0.085091 0.595788 0.183751 17.318169 -1.039090
0.700000 -0.081879 0.087324 0.657002 0.134387 17.440127 -1.046408
0.700000 -0.082077 0.088895 0.713871 0.089568 17.426740 -1.045604
0.700000 -0.081509 0.089870 0.766279 0.049322 17.300646 -1.038039
0.700000 -0.080236 0.090311 0.814140 0.013659 17.081898 -1.024914
0.700000 -0.078540 0.090301 0.853231 -0.014505 16.821619 -1.009297
0.700000 -0.076373 0.089957 0.888813 -0.039224 16.513558 -0.990814
0.700000 -0.073778 0.089323 0.921035 -0.060683 16.168532 -0.970112
0.700000 -0.070797 0.088437 0.950040 -0.079054 15.796157 -0.947769
0.700000 -0.067411 0.087317 0.976384 -0.094750 15.398547 -0.923913
0.700000 -0.063705 0.086013 0.999818 -0.107717 14.989046 -0.899343
0.700000 -0.059717 0.084559 1.020584 -0.118212 14.574042 -0.874443
0.700000 -0.055477 0.082985 1.038904 -0.126469 14.158900 -0.849534
0.700000 -0.050058 0.080959 1.058107 -0.133797 13.662979 -0.819779
0.700000 -0.044363 0.078839 1.074511 -0.138655 13.178612 -0.790717
0.700000 -0.038433 0.076661 1.088538 -0.141471 12.709513 -0.762571
0.700000 -0.032300 0.074453 1.100544 -0.142602 12.258309 -0.735499
0.700000 -0.024798 0.071824 1.112628 -0.142209 11.747934 -0.704876
0.700000 -0.017090 0.069216 1.122871 -0.140440 11.264503 -0.675870
0.700000 -0.009205 0.066648 1.131719 -0.137727 10.806624 -0.648397
0.700000 -0.001168 0.064137 1.139516 -0.134403 10.372996 -0.622380
0.700000 0.010761 0.060608 1.149588 -0.129057 9.782328 -0.586940
0.700000 0.022948 0.057223 1.158640 -0.123550 9.229879 -0.553793
0.700000 0.035379 0.053973 1.167010 -0.118175 8.706925 -0.522416
0.700000 0.048031 0.050861 1.174975 -0.113179 8.210004 -0.492600
0.700000 0.058769 0.048364 1.181448 -0.109393 7.812272 -0.468736
0.700000 0.069650 0.045948 1.187722 -0.105916 7.427041 -0.445622
0.700000 0.080671 0.043605 1.193770 -0.102704 7.052675 -0.423161
0.700000 0.091826 0.041332 1.199593 -0.099743 6.688055 -0.401283
0.700000 0.104380 0.038879 1.205795 -0.096721 6.292973 -0.377578
0.700000 0.117085 0.036500 1.211644 -0.093900 5.908189 -0.354491
0.700000 0.129931 0.034188 1.217101 -0.091229 5.533328 -0.332000
0.700000 0.142909 0.031942 1.222157 -0.088681 5.167995 -0.310080
0.700000 0.160147 0.029084 1.228178 -0.085482 4.701805 -0.282108
0.700000 0.177571 0.026329 1.233461 -0.082394 4.251675 -0.255100
0.700000 0.195156 0.023674 1.238006 -0.079390 3.817689 -0.229061
0.700000 0.212877 0.021118 1.241831 -0.076455 3.399360 -0.203962
0.700000 0.238658 0.017591 1.246099 -0.072294 2.822209 -0.169333
0.700000 0.264608 0.014260 1.248992 -0.068260 2.276900 -0.136614
0.700000 0.290661 0.011120 1.250634 -0.064391 1.762857 -0.105771
0.700000 0.316761 0.008162 1.251056 -0.060636 1.278604 -0.076716
0.700000 0.340756 0.005594 1.250404 -0.057251 0.858652 -0.051519
0.700000 0.364703 0.003172 1.248853 -0.053970 0.462566 -0.027754
0.700000 0.388564 0.000891 1.246464 -0.050795 0.089471 -0.005368
0.700000 0.412304 -0.001255 1.243290 -0.047726 -0.261309 0.015679
0.700000 0.449679 -0.004397 1.236756 -0.043053 -0.774867 0.046492
0.700000 0.486544 -0.007224 1.228579 -0.038640 -1.236648 0.074199
0.700000 0.522788 -0.009750 1.218961 -0.034500 -1.648854 0.098931
0.700000 0.558322 -0.011998 1.208079 -0.030618 -2.015771 0.120946
0.700000 0.590653 -0.013856 1.196911 -0.027175 -2.318192 0.139092
0.700000 0.622239 -0.015500 1.184925 -0.023952 -2.585994 0.155160
0.700000 0.653033 -0.016945 1.172287 -0.020986 -2.822768 0.169366
0.700000 0.682991 -0.018203 1.158983 -0.018154 -3.028103 0.181686
0.700000 0.699165 -0.018821 1.151366 -0.016628 -3.127910 0.187675
0.700000 0.715066 -0.019385 1.143630 -0.015175 -3.219248 0.193155
0.700000 0.730690 -0.019900 1.135777 -0.013783 -3.302389 0.198143
0.700000 0.746033 -0.020366 1.127825 -0.012451 -3.377723 0.202663
0.700000 0.761093 -0.020785 1.119786 -0.011178 -3.445611 0.206737
0.700000 0.775865 -0.021161 1.111669 -0.009955 -3.506253 0.210375
0.700000 0.790347 -0.021493 1.103485 -0.008783 -3.559910 0.213595
0.700000 0.804538 -0.021785 1.095246 -0.007657 -3.606874 0.216412
0.700000 0.822790 -0.022110 1.084324 -0.006243 -3.659006 0.219540
0.700000 0.840529 -0.022371 1.073355 -0.004907 -3.700586 0.222035
0.700000 0.857755 -0.022571 1.062365 -0.003649 -3.732219 0.223933
0.700000 0.874465 -0.022714 1.051375 -0.002465 -3.754479 0.225269
0.700000 0.894217 -0.022816 1.037956 -0.001113 -3.769771 0.226186
0.700000 0.913203 -0.022843 1.024607 0.000136 -3.772866 0.226372
0.700000 0.931426 -0.022802 1.011360 0.001289 -3.764728 0.225884
0.700000 0.948894 -0.022698 0.998247 0.002347 -3.746240 0.224774
0.700000 0.963740 -0.022556 0.986769 0.003207 -3.721919 0.223315
0.700000 0.978008 -0.022373 0.975435 0.004000 -3.690747 0.221445
0.700000 0.991705 -0.022151 0.964262 0.004727 -3.653265 0.219196
0.700000 1.004839 -0.021894 0.953263 0.005393 -3.610015 0.216601
0.700000 1.021835 -0.021493 0.938590 0.006206 -3.542742 0.212565
0.700000 1.037830 -0.021039 0.924294 0.006916 -3.466909 0.208015
0.700000 1.052850 -0.020539 0.910402 0.007529 -3.383663 0.203020
0.700000 1.066925 -0.020000 0.896930 0.008054 -3.294020 0.197641
0.700000 1.078885 -0.019483 0.885105 0.008456 -3.208108 0.192486
0.700000 1.090115 -0.018942 0.873650 0.008795 -3.118423 0.187105
0.700000 1.100640 -0.018382 0.862569 0.009079 -3.025561 0.181534
0.700000 1.110484 -0.017806 0.851876 0.009305 -2.930168 0.175810
0.700000 1.119670 -0.017218 0.841569 0.009481 -2.832818 0.169969
0.700000 1.128223 -0.016621 0.831656 0.009607 -2.733984 0.164039
0.700000 1.136167 -0.016017 0.822144 0.009679 -2.634154 0.158049
0.700000 1.143528 -0.015409 0.813020 0.009715 -2.533762 0.152026
0.700000 1.149633 -0.014864 0.805191 0.009719 -2.443839 0.146630
0.700000 1.155308 -0.014320 0.797670 0.009697 -2.354027 0.141242
0.700000 1.160571 -0.013779 0.790448 0.009657 -2.264595 0.135876
0.700000 1.165439 -0.013240 0.783530 0.009592 -2.175716 0.130543
0.700000 1.169516 -0.012757 0.777536 0.009509 -2.095973 0.125758
0.700000 1.173296 -0.012278 0.771783 0.009409 -2.017012 0.121021
0.700000 1.176789 -0.011805 0.766269 0.009293 -1.938924 0.116335
0.700000 1.180010 -0.011337 0.760989 0.009164 -1.861871 0.111712
0.700000 1.183127 -0.010851 0.755658 0.009018 -1.781745 0.106905
0.700000 1.185966 -0.010373 0.750578 0.008859 -1.702981 0.102179
0.700000 1.188540 -0.009904 0.745743 0.008690 -1.625707 0.097542
0.700000 1.190862 -0.009444 0.741147 0.008512 -1.549973 0.092998
0.700000 1.193729 -0.008813 0.735071 0.008242 -1.446133 0.086768
0.700000 1.196155 -0.008202 0.729437 0.007962 -1.345654 0.080739
0.700000 1.198174 -0.007613 0.724223 0.007679 -1.248559 0.074914
0.700000 1.199815 -0.007046 0.719427 0.007380 -1.155200 0.069312
0.700000 1.200605 -0.006729 0.716838 0.007201 -1.103012 0.066181
0.700000 1.201284 -0.006419 0.714374 0.007021 -1.052096 0.063126
0.700000 1.201859 -0.006117 0.712035 0.006840 -1.002481 0.060149
0.700000 1.202334 -0.005823 0.709816 0.006659 -0.954148 0.057249
0.700000 1.202716 -0.005537 0.707712 0.006480 -0.907081 0.054425
0.700000 1.203008 -0.005258 0.705723 0.006300 -0.861309 0.051679
0.700000 1.203216 -0.004988 0.703843 0.006121 -0.816833 0.049010
0.700000 1.203344 -0.004725 0.702070 0.005942 -0.773650 0.046419
0.700000 1.203400 -0.004383 0.699842 0.005700 -0.717444 0.043047
0.700000 1.203329 -0.004055 0.697794 0.005461 -0.663565 0.039814
0.700000 1.203144 -0.003741 0.695918 0.005224 -0.611982 0.036719
0.700000 1.202853 -0.003441 0.694206 0.004990 -0.562683 0.033761
0.700000 1.202284 -0.003042 0.692061 0.004669 -0.497204 0.029832
0.700000 1.201551 -0.002670 0.690203 0.004355 -0.436092 0.026166
0.700000 1.200675 -0.002324 0.688613 0.004047 -0.379317 0.022759
0.700000 1.199678 -0.002002 0.687264 0.003752 -0.326570 0.019594
0.700000 1.199164 -0.001857 0.686697 0.003617 -0.302668 0.018160
0.700000 1.198628 -0.001717 0.686181 0.003483 -0.279657 0.016779
0.700000 1.198073 -0.001582 0.685713 0.003351 -0.257511 0.015451
0.700000 1.197501 -0.001452 0.685291 0.003221 -0.236226 0.014174
0.700000 1.196912 -0.001327 0.684913 0.003094 -0.215790 0.012947
0.700000 1.196310 -0.001208 0.684577 0.002969 -0.196175 0.011771
0.700000 1.195695 -0.001093 0.684281 0.002846 -0.177362 0.010642
0.700000 1.195069 -0.000983 0.684024 0.002727 -0.159332 0.009560
0.700000 1.194127 -0.000829 0.683708 0.002555 -0.134063 0.008044
0.700000 1.193168 -0.000684 0.683468 0.002390 -0.110412 0.006625
0.700000 1.192197 -0.000549 0.683296 0.002230 -0.088324 0.005299
0.700000 1.191218 -0.000424 0.683189 0.002077 -0.067736 0.004064
0.700000 1.190160 -0.000298 0.683140 0.001919 -0.047186 0.002831
0.700000 1.189100 -0.000182 0.683154 0.001767 -0.028234 0.001694
0.700000 1.188043 -0.000076 0.683225 0.001623 -0.010805 0.000648
0.700000 1.186993 0.000022 0.683349 0.001485 0.005165 -0.000310
0.700000 1.185951 0.000111 0.683519 0.001354 0.019742 -0.001185
0.700000 1.184922 0.000192 0.683734 0.001230 0.032998 -0.001980
0.700000 1.183907 0.000266 0.683987 0.001110 0.044996 -0.002700
0.700000 1.182909 0.000332 0.684275 0.000998 0.055805 -0.003348
0.700000 1.182005 0.000387 0.684567 0.000899 0.064791 -0.003887
0.700000 1.181118 0.000437 0.684881 0.000806 0.072869 -0.004372
0.700000 1.180250 0.000481 0.685215 0.000720 0.080083 -0.004805
0.700000 1.179402 0.000520 0.685566 0.000638 0.086488 -0.005189
0.700000 1.178733 0.000548 0.685862 0.000574 0.091097 -0.005466
0.700000 1.178078 0.000574 0.686166 0.000513 0.095227 -0.005714
0.700000 1.177437 0.000597 0.686478 0.000455 0.098905 -0.005934
0.700000 1.176811 0.000617 0.686796 0.000400 0.102149 -0.006129
0.700000 1.176185 0.000635 0.687128 0.000346 0.105047 -0.006303
0.700000 1.175574 0.000650 0.687464 0.000296 0.107537 -0.006452
0.700000 1.174980 0.000663 0.687803 0.000248 0.109638 -0.006578
0.700000 1.174403 0.000674 0.688145 0.000203 0.111375 -0.006682
0.700000 1.173579 0.000686 0.688654 0.000141 0.113314 -0.006799
0.700000 1.172791 0.000694 0.689164 0.000084 0.114567 -0.006874
0.700000 1.172040 0.000698 0.689673 0.000033 0.115197 -0.006912
0.700000 1.171325 0.000699 0.690178 -0.000014 0.115255 -0.006915
0.700000 1.170819 0.000697 0.690548 -0.000045 0.114960 -0.006898
0.700000 1.170333 0.000694 0.690915 -0.000075 0.114403 -0.006864
0.700000 1.169866 0.000689 0.691278 -0.000102 0.113604 -0.006816
0.700000 1.169417 0.000683 0.691635 -0.000127 0.112584 -0.006755
0.700000 1.168988 0.000676 0.691988 -0.000149 0.111364 -0.006682
0.700000 1.168576 0.000668 0.692334 -0.000170 0.109958 -0.006598
0.700000 1.168183 0.000658 0.692674 -0.000188 0.108385 -0.006503
0.700000 1.167807 0.000648 0.693008 -0.000205 0.106659 -0.006400
0.700000 1.167397 0.000635 0.693383 -0.000222 0.104504 -0.006270
0.700000 1.167008 0.000621 0.693749 -0.000238 0.102190 -0.006131
0.700000 1.166642 0.000607 0.694104 -0.000251 0.099740 -0.005984
0.700000 1.166296 0.000591 0.694450 -0.000262 0.097169 -0.005830
0.700000 1.165943 0.000573 0.694815 -0.000273 0.094250 -0.005655
0.700000 1.165613 0.000555 0.695166 -0.000281 0.091230 -0.005474
0.700000 1.165305 0.000536 0.695505 -0.000287 0.088122 -0.005287
0.700000 1.165020 0.000517 0.695830 -0.000292 0.084958 -0.005098
0.700000 1.164758 0.000498 0.696140 -0.000295 0.081773 -0.004906
0.700000 1.164515 0.000479 0.696436 -0.000297 0.078568 -0.004714
0.700000 1.164291 0.000459 0.696720 -0.000297 0.075379 -0.004523
0.700000 1.164086 0.000440 0.696991 -0.000297 0.072182 -0.004331
0.700000 1.163930 0.000424 0.697205 -0.000296 0.069547 -0.004173
0.700000 1.163785 0.000408 0.697409 -0.000294 0.066926 -0.004016
0.700000 1.163651 0.000392 0.697606 -0.000292 0.064312 -0.003859
0.700000 1.163527 0.000377 0.697794 -0.000289 0.061728 -0.003704
0.700000 1.163413 0.000361 0.697974 -0.000285 0.059187 -0.003551
0.700000 1.163308 0.000346 0.698146 -0.000281 0.056683 -0.003401
0.700000 1.163213 0.000331 0.698309 -0.000275 0.054223 -0.003253
0.700000 1.163126 0.000316 0.698464 -0.000270 0.051806 -0.003108
0.700000 1.163053 0.000303 0.698602 -0.000265 0.049595 -0.002976
0.700000 1.162986 0.000290 0.698734 -0.000260 0.047426 -0.002846
0.700000 1.162926 0.000277 0.698860 -0.000256 0.045299 -0.002718
0.700000 1.162872 0.000264 0.698980 -0.000250 0.043218 -0.002593
0.700000 1.162823 0.000252 0.699094 -0.000244 0.041155 -0.002469
0.700000 1.162780 0.000239 0.699203 -0.000238 0.039143 -0.002349
0.700000 1.162743 0.000228 0.699306 -0.000232 0.037180 -0.002231
0.700000 1.162710 0.000216 0.699404 -0.000226 0.035269 -0.002116
0.700000 1.162678 0.000203 0.699511 -0.000218 0.033096 -0.001986
0.700000 1.162652 0.000190 0.699611 -0.000211 0.030996 -0.001860
0.700000 1.162631 0.000178 0.699705 -0.000204 0.028974 -0.001738
0.700000 1.162616 0.000166 0.699791 -0.000196 0.027023 -0.001621
0.700000 1.162605 0.000151 0.699891 -0.000186 0.024683 -0.001481
0.700000 1.162600 0.000138 0.699981 -0.000177 0.022452 -0.001347
0.700000 1.162602 0.000125 0.700063 -0.000168 0.020316 -0.001219
0.700000 1.162609 0.000113 0.700136 -0.000159 0.018301 -0.001098
0.700000 1.162615 0.000107 0.700168 -0.000154 0.017364 -0.001042
0.700000 1.162621 0.000101 0.700199 -0.000150 0.016452 -0.000987
0.700000 1.162629 0.000096 0.700228 -0.000145 0.015567 -0.000934
0.700000 1.162638 0.000091 0.700255 -0.000141 0.014708 -0.000882
