0.540000 0.000000 0.000000 0.540000 0.000000 -14.963400 0.897804
0.540000 -0.000000 0.000000 0.539950 0.000050 -14.962373 0.897742
0.540000 -0.000000 0.000000 0.539900 0.000100 -14.961346 0.897681
0.540000 -0.000000 0.000000 0.539849 0.000149 -14.960319 0.897619
0.540000 -0.000000 0.000000 0.539799 0.000199 -14.959292 0.897558
0.540000 -0.000000 0.000000 0.539548 0.000448 -14.954158 0.897249
0.540000 -0.000000 0.000000 0.539297 0.000697 -14.949024 0.896941
0.540000 -0.000000 0.000000 0.539046 0.000946 -14.943891 0.896633
0.540000 -0.000000 0.000000 0.538795 0.001194 -14.938758 0.896325
0.540000 -0.000000 0.000000 0.537542 0.002436 -14.913104 0.894786
0.540000 -0.000000 0.000000 0.536292 0.003676 -14.887464 0.893248
0.540000 -0.000001 0.000001 0.535043 0.004914 -14.861838 0.891710
0.540000 -0.000001 0.000001 0.533797 0.006149 -14.836228 0.890174
0.540000 -0.000004 0.000004 0.527597 0.012295 -14.708391 0.882503
0.540000 -0.000009 0.000009 0.521451 0.018389 -14.580917 0.874855
0.540000 -0.000016 0.000016 0.515358 0.024429 -14.453806 0.867228
0.540000 -0.000025 0.000025 0.509317 0.030418 -14.327058 0.859624
0.540000 -0.000101 0.000100 0.479895 0.059586 -13.698771 0.821926
0.540000 -0.000223 0.000221 0.451750 0.087490 -13.079577 0.784775
0.540000 -0.000391 0.000388 0.424847 0.114165 -12.469483 0.748169
0.540000 -0.000603 0.000597 0.399153 0.139644 -11.868490 0.712109
0.540000 -0.001546 0.001532 0.324818 0.213386 -10.010205 0.600612
0.540000 -0.002851 0.002827 0.261463 0.276298 -8.244405 0.494664
0.540000 -0.004464 0.004427 0.208134 0.329339 -6.570401 0.394224
0.540000 -0.006333 0.006283 0.163941 0.373406 -4.987223 0.299233
0.540000 -0.009414 0.009344 0.114286 0.423177 -2.845030 0.170702
0.540000 -0.012816 0.012728 0.079825 0.458113 -0.886067 0.053164
0.540000 -0.016432 0.016331 0.058407 0.480362 0.897002 -0.053820
0.540000 -0.020168 0.020062 0.048065 0.491891 2.512451 -0.150747
0.540000 -0.025048 0.024951 0.048219 0.493783 4.367185 -0.262031
0.540000 -0.029864 0.029799 0.060580 0.484021 5.979964 -0.358798
0.540000 -0.034513 0.034509 0.082296 0.465422 7.373431 -0.442406
0.540000 -0.038911 0.039001 0.110923 0.440396 8.568431 -0.514106
0.540000 -0.043711 0.043962 0.151007 0.405154 9.754370 -0.585262
0.540000 -0.048015 0.048486 0.195394 0.366167 10.721800 -0.643308
0.540000 -0.051789 0.052547 0.242093 0.325356 11.498991 -0.689939
0.540000 -0.055010 0.056127 0.289534 0.284226 12.109200 -0.726552
0.540000 -0.057907 0.059507 0.341250 0.239879 12.612275 -0.756737
0.540000 -0.060146 0.062327 0.391473 0.197383 12.963800 -0.777828
0.540000 -0.061755 0.064619 0.439508 0.157357 13.186131 -0.791168
0.540000 -0.062760 0.066411 0.484827 0.120264 13.298203 -0.797892
0.540000 -0.063200 0.067780 0.528522 0.085249 13.315905 -0.798954
0.540000 -0.063079 0.068704 0.568854 0.053703 13.250933 -0.795056
0.540000 -0.062443 0.069232 0.605807 0.025589 13.118511 -0.787111
0.540000 -0.061337 0.069406 0.639380 0.000860 12.931952 -0.775917
0.540000 -0.059919 0.069289 0.667668 -0.019218 12.719831 -0.763190
0.540000 -0.058167 0.068938 0.693245 -0.036643 12.479328 -0.748760
0.540000 -0.056113 0.068386 0.716273 -0.051597 12.217681 -0.733061
0.540000 -0.053787 0.067663 0.736902 -0.064253 11.941180 -0.716471
0.540000 -0.051148 0.066771 0.755744 -0.075035 11.647716 -0.698863
0.540000 -0.048282 0.065754 0.772456 -0.083823 11.348934 -0.680936
0.540000 -0.045216 0.064636 0.787251 -0.090839 11.048651 -0.662919
0.540000 -0.041972 0.063439 0.800319 -0.096282 10.750020 -0.645001
0.540000 -0.037742 0.061876 0.814371 -0.101123 10.386503 -0.623190
0.540000 -0.033307 0.060251 0.826431 -0.104224 10.032237 -0.601934
0.540000 -0.028695 0.058588 0.836830 -0.105920 9.689099 -0.581346
0.540000 -0.023929 0.056908 0.845843 -0.106486 9.358434 -0.561506
0.540000 -0.017831 0.054822 0.855464 -0.105978 8.966340 -0.537980
0.540000 -0.011557 0.052756 0.863751 -0.104522 8.593542 -0.515613
0.540000 -0.005129 0.050723 0.871041 -0.102446 8.238549 -0.494313
0.540000 0.001434 0.048736 0.877584 -0.099992 7.900351 -0.474021
0.540000 0.010405 0.046159 0.885534 -0.096460 7.471971 -0.448318
0.540000 0.019577 0.043675 0.892810 -0.092869 7.066100 -0.423966
0.540000 0.028939 0.041279 0.899574 -0.089353 6.678267 -0.400696
0.540000 0.038475 0.038971 0.905980 -0.086048 6.306656 -0.378399
0.540000 0.046904 0.037035 0.911338 -0.083405 5.995312 -0.359719
0.540000 0.055452 0.035157 0.916473 -0.080939 5.693082 -0.341585
0.540000 0.064117 0.033332 0.921369 -0.078623 5.399048 -0.323943
0.540000 0.072890 0.031559 0.926031 -0.076452 5.112570 -0.306754
0.540000 0.083211 0.029561 0.931152 -0.074098 4.788614 -0.287317
0.540000 0.093664 0.027623 0.935918 -0.071870 4.473715 -0.268423
0.540000 0.104238 0.025742 0.940309 -0.069736 4.167614 -0.250057
0.540000 0.114924 0.023917 0.944326 -0.067681 3.870008 -0.232200
0.540000 0.129185 0.021590 0.949061 -0.065072 3.489695 -0.209382
0.540000 0.143600 0.019353 0.953137 -0.062544 3.123745 -0.187425
0.540000 0.158147 0.017204 0.956567 -0.060079 2.772105 -0.166326
0.540000 0.172802 0.015140 0.959374 -0.057673 2.434317 -0.146059
0.540000 0.194683 0.012232 0.962416 -0.054183 1.958262 -0.117496
0.540000 0.216689 0.009502 0.964228 -0.050815 1.511466 -0.090688
0.540000 0.238757 0.006947 0.964924 -0.047599 1.093137 -0.065588
0.540000 0.260832 0.004557 0.964543 -0.044492 0.701904 -0.042114
0.540000 0.281196 0.002488 0.963277 -0.041693 0.363481 -0.021809
0.540000 0.301481 0.000551 0.961222 -0.038993 0.046753 -0.002805
0.540000 0.321650 -0.001259 0.958433 -0.036388 -0.249193 0.014952
0.540000 0.341668 -0.002947 0.954967 -0.033881 -0.525000 0.031500
0.540000 0.366296 -0.004881 0.949796 -0.030902 -0.841007 0.050460
0.540000 0.390588 -0.006641 0.943755 -0.028070 -1.128504 0.067710
0.540000 0.414496 -0.008236 0.936936 -0.025384 -1.388681 0.083321
0.540000 0.437975 -0.009674 0.929426 -0.022842 -1.623320 0.097399
0.540000 0.464010 -0.011126 0.920154 -0.020102 -1.859817 0.111589
0.540000 0.489395 -0.012400 0.910216 -0.017546 -2.067193 0.124032
0.540000 0.514088 -0.013506 0.899741 -0.015192 -2.247841 0.134870
0.540000 0.538054 -0.014457 0.888758 -0.012971 -2.402710 0.144163
0.540000 0.551284 -0.014930 0.882338 -0.011759 -2.479283 0.148757
0.540000 0.564266 -0.015357 0.875816 -0.010603 -2.548506 0.152910
0.540000 0.576997 -0.015742 0.869199 -0.009495 -2.610662 0.156640
0.540000 0.589474 -0.016085 0.862503 -0.008438 -2.666089 0.159965
0.540000 0.601692 -0.016389 0.855744 -0.007430 -2.715106 0.162906
0.540000 0.613651 -0.016655 0.848929 -0.006467 -2.757949 0.165477
0.540000 0.625347 -0.016885 0.842069 -0.005547 -2.794874 0.167692
0.540000 0.636780 -0.017080 0.835176 -0.004668 -2.826155 0.169569
0.540000 0.651756 -0.017292 0.825861 -0.003546 -2.859806 0.171588
0.540000 0.666250 -0.017447 0.816530 -0.002496 -2.884296 0.173058
0.540000 0.680264 -0.017550 0.807208 -0.001516 -2.900223 0.174013
0.540000 0.693797 -0.017604 0.797914 -0.000601 -2.908150 0.174489
0.540000 0.710756 -0.017607 0.785854 0.000498 -2.907350 0.174441
0.540000 0.726906 -0.017539 0.773916 0.001495 -2.895012 0.173701
0.540000 0.742259 -0.017408 0.762135 0.002398 -2.872246 0.172335
0.540000 0.756825 -0.017219 0.750549 0.003208 -2.840082 0.170405
0.540000 0.768673 -0.017016 0.740812 0.003830 -2.805870 0.168352
0.540000 0.779965 -0.016779 0.731253 0.004391 -2.766097 0.165966
0.540000 0.790712 -0.016511 0.721890 0.004892 -2.721298 0.163278
0.540000 0.800925 -0.016216 0.712731 0.005340 -2.672041 0.160322
0.540000 0.810065 -0.015916 0.704301 0.005716 -2.622029 0.157322
0.540000 0.818754 -0.015596 0.696069 0.006050 -2.568886 0.154133
0.540000 0.827001 -0.015260 0.688042 0.006344 -2.513012 0.150781
0.540000 0.834819 -0.014909 0.680226 0.006600 -2.454721 0.147283
0.540000 0.843200 -0.014494 0.671604 0.006845 -2.385942 0.143157
0.540000 0.851059 -0.014066 0.663265 0.007047 -2.314927 0.138896
0.540000 0.858411 -0.013626 0.655215 0.007209 -2.242058 0.134523
0.540000 0.865277 -0.013177 0.647456 0.007331 -2.167807 0.130068
0.540000 0.871314 -0.012749 0.640415 0.007415 -2.096940 0.125816
0.540000 0.876950 -0.012316 0.633635 0.007470 -2.025449 0.121527
0.540000 0.882200 -0.011881 0.627117 0.007496 -1.953639 0.117218
0.540000 0.887078 -0.011445 0.620856 0.007498 -1.881698 0.112902
0.540000 0.891600 -0.011010 0.614851 0.007478 -1.809829 0.108590
0.540000 0.895780 -0.010576 0.609100 0.007438 -1.738262 0.104296
0.540000 0.899634 -0.010146 0.603595 0.007384 -1.667164 0.100030
0.540000 0.903175 -0.009719 0.598340 0.007310 -1.596736 0.095804
0.540000 0.906333 -0.009309 0.593466 0.007222 -1.529075 0.091744
0.540000 0.909222 -0.008904 0.588818 0.007118 -1.462329 0.087740
0.540000 0.911854 -0.008505 0.584398 0.006998 -1.396611 0.083797
0.540000 0.914242 -0.008113 0.580193 0.006868 -1.332047 0.079923
0.540000 0.916237 -0.007758 0.576504 0.006744 -1.273650 0.076419
0.540000 0.918045 -0.007411 0.572991 0.006613 -1.216362 0.072982
0.540000 0.919675 -0.007070 0.569648 0.006477 -1.160261 0.069616
0.540000 0.921135 -0.006737 0.566473 0.006335 -1.105372 0.066322
0.540000 0.922464 -0.006403 0.563391 0.006182 -1.050430 0.063026
0.540000 0.923633 -0.006078 0.560476 0.006024 -0.996861 0.059812
0.540000 0.924651 -0.005760 0.557724 0.005862 -0.944677 0.056681
0.540000 0.925527 -0.005452 0.555129 0.005697 -0.893939 0.053636
0.540000 0.926389 -0.005099 0.552257 0.005501 -0.835855 0.050151
0.540000 0.927076 -0.004758 0.549588 0.005301 -0.779848 0.046791
0.540000 0.927602 -0.004431 0.547117 0.005100 -0.725972 0.043558
0.540000 0.927978 -0.004116 0.544833 0.004899 -0.674176 0.040451
0.540000 0.928178 -0.003873 0.543135 0.004738 -0.634222 0.038053
0.540000 0.928296 -0.003638 0.541548 0.004578 -0.595607 0.035736
0.540000 0.928336 -0.003411 0.540067 0.004419 -0.558310 0.033499
0.540000 0.928304 -0.003192 0.538690 0.004261 -0.522342 0.031341
0.540000 0.928206 -0.002981 0.537411 0.004103 -0.487705 0.029262
0.540000 0.928045 -0.002778 0.536228 0.003947 -0.454371 0.027262
0.540000 0.927827 -0.002583 0.535136 0.003792 -0.422327 0.025340
0.540000 0.927556 -0.002395 0.534130 0.003640 -0.391553 0.023493
0.540000 0.927159 -0.002177 0.533014 0.003458 -0.355639 0.021338
0.540000 0.926697 -0.001969 0.532015 0.003279 -0.321559 0.019294
0.540000 0.926177 -0.001772 0.531125 0.003106 -0.289275 0.017357
0.540000 0.925605 -0.001586 0.530341 0.002936 -0.258736 0.015524
0.540000 0.924955 -0.001402 0.529622 0.002763 -0.228449 0.013707
0.540000 0.924262 -0.001228 0.529005 0.002594 -0.199987 0.011999
0.540000 0.923532 -0.001065 0.528486 0.002428 -0.173270 0.010396
0.540000 0.922770 -0.000913 0.528055 0.002268 -0.148288 0.008897
0.540000 0.922070 -0.000786 0.527740 0.002132 -0.127404 0.007644
0.540000 0.921353 -0.000666 0.527485 0.002000 -0.107804 0.006468
0.540000 0.920623 -0.000554 0.527288 0.001873 -0.089478 0.005369
0.540000 0.919883 -0.000449 0.527143 0.001752 -0.072328 0.004340
0.540000 0.919206 -0.000360 0.527055 0.001644 -0.057744 0.003465
0.540000 0.918525 -0.000277 0.527006 0.001540 -0.044070 0.002644
0.540000 0.917843 -0.000199 0.526991 0.001440 -0.031254 0.001875
0.540000 0.917161 -0.000126 0.527011 0.001344 -0.019292 0.001158
0.540000 0.916538 -0.000063 0.527055 0.001258 -0.009074 0.000544
0.540000 0.915917 -0.000005 0.527123 0.001176 0.000485 -0.000029
0.540000 0.915301 0.000050 0.527213 0.001097 0.009403 -0.000564
0.540000 0.914689 0.000101 0.527324 0.001021 0.017712 -0.001063
0.540000 0.914083 0.000148 0.527453 0.000948 0.025439 -0.001526
0.540000 0.913483 0.000192 0.527599 0.000878 0.032601 -0.001956
0.540000 0.912891 0.000233 0.527761 0.000811 0.039222 -0.002353
0.540000 0.912307 0.000270 0.527938 0.000746 0.045323 -0.002719
0.540000 0.911657 0.000309 0.528154 0.000676 0.051630 -0.003098
0.540000 0.911019 0.000344 0.528385 0.000610 0.057330 -0.003440
0.540000 0.910393 0.000375 0.528629 0.000547 0.062454 -0.003747
0.540000 0.909781 0.000403 0.528885 0.000487 0.067029 -0.004022
0.540000 0.909070 0.000433 0.529203 0.000420 0.071810 -0.004309
0.540000 0.908380 0.000458 0.529534 0.000357 0.075900 -0.004554
0.540000 0.907712 0.000479 0.529873 0.000299 0.079340 -0.004760
0.540000 0.907067 0.000497 0.530221 0.000245 0.082183 -0.004931
0.540000 0.906363 0.000512 0.530621 0.000188 0.084720 -0.005083
0.540000 0.905689 0.000524 0.531025 0.000136 0.086612 -0.005197
0.540000 0.905045 0.000532 0.531431 0.000089 0.087936 -0.005276
0.540000 0.904431 0.000537 0.531838 0.000045 0.088703 -0.005322
0.540000 0.904054 0.000539 0.532096 0.000019 0.088916 -0.005335
0.540000 0.903690 0.000539 0.532354 -0.000005 0.088940 -0.005336
0.540000 0.903338 0.000538 0.532610 -0.000027 0.088783 -0.005327
0.540000 0.902998 0.000537 0.532863 -0.000048 0.088464 -0.005308
0.540000 0.902669 0.000534 0.533114 -0.000067 0.087999 -0.005280
0.540000 0.902353 0.000530 0.533362 -0.000085 0.087392 -0.005243
0.540000 0.902048 0.000526 0.533607 -0.000101 0.086653 -0.005199
0.540000 0.901754 0.000521 0.533849 -0.000117 0.085792 -0.005148
0.540000 0.901418 0.000514 0.534133 -0.000133 0.084616 -0.005077
0.540000 0.901098 0.000506 0.534412 -0.000148 0.083294 -0.004998
0.540000 0.900793 0.000497 0.534685 -0.000162 0.081843 -0.004911
0.540000 0.900503 0.000488 0.534952 -0.000174 0.080275 -0.004817
0.540000 0.900179 0.000476 0.535259 -0.000187 0.078290 -0.004697
0.540000 0.899875 0.000463 0.535557 -0.000197 0.076179 -0.004571
0.540000 0.899590 0.000450 0.535845 -0.000206 0.073957 -0.004437
0.540000 0.899324 0.000436 0.536123 -0.000213 0.071653 -0.004299
0.540000 0.899062 0.000421 0.536407 -0.000219 0.069123 -0.004147
0.540000 0.898819 0.000405 0.536680 -0.000224 0.066541 -0.003992
0.540000 0.898595 0.000389 0.536941 -0.000227 0.063943 -0.003837
0.540000 0.898389 0.000373 0.537191 -0.000229 0.061308 -0.003678
0.540000 0.898204 0.000358 0.537422 -0.000229 0.058737 -0.003524
0.540000 0.898035 0.000342 0.537644 -0.000228 0.056143 -0.003369
0.540000 0.897880 0.000326 0.537857 -0.000230 0.053479 -0.003209
0.540000 0.897740 0.000310 0.538057 -0.000228 0.050857 -0.003051
0.540000 0.897668 0.000302 0.538161 -0.000225 0.049467 -0.002968
0.540000 0.897601 0.000293 0.538263 -0.000223 0.048085 -0.002885
0.540000 0.897537 0.000285 0.538361 -0.000220 0.046715 -0.002803
0.540000 0.897477 0.000277 0.538457 -0.000218 0.045354 -0.002721
0.540000 0.897420 0.000269 0.538550 -0.000216 0.044000 -0.002640
0.540000 0.897367 0.000260 0.538641 -0.000214 0.042658 -0.002559
0.540000 0.897317 0.000252 0.538728 -0.000212 0.041332 -0.002480
0.540000 0.897271 0.000244 0.538812 -0.000209 0.040021 -0.002401
0.540000 0.897212 0.000234 0.538923 -0.000205 0.038246 -0.002295
0.540000 0.897159 0.000223 0.539028 -0.000201 0.036506 -0.002190
0.540000 0.897111 0.000213 0.539129 -0.000197 0.034801 -0.002088
0.540000 0.897068 0.000203 0.539224 -0.000192 0.033135 -0.001988
0.540000 0.897012 0.000188 0.539359 -0.000186 0.030684 -0.001841
0.540000 0.896967 0.000173 0.539484 -0.000179 0.028327 -0.001700
0.540000 0.896930 0.000160 0.539596 -0.000170 0.026067 -0.001564
0.540000 0.896903 0.000146 0.539700 -0.000162 0.023909 -0.001435
0.540000 0.896890 0.000139 0.539759 -0.000158 0.022633 -0.001358
0.540000 0.896879 0.000131 0.539815 -0.000153 0.021395 -0.001284
0.540000 0.896872 0.000124 0.539867 -0.000149 0.020194 -0.001212
0.540000 0.896866 0.000117 0.539916 -0.000144 0.019031 -0.001142
0.540000 0.896864 0.000110 0.539962 -0.000139 0.017905 -0.001074
0.540000 0.896863 0.000103 0.540005 -0.000135 0.016817 -0.001009
0.540000 0.896864 0.000097 0.540045 -0.000130 0.015765 -0.000946
0.540000 0.896867 0.000091 0.540082 -0.000125 0.014751 -0.000885
0.540000 0.896871 0.000085 0.540114 -0.000121 0.013868 -0.000832
0.540000 0.896877 0.000080 0.540143 -0.000117 0.013014 -0.000781
0.540000 0.896884 0.000075 0.540170 -0.000113 0.012190 -0.000731
0.540000 0.896892 0.000070 0.540195 -0.000109 0.011394 -0.000684
