0.660000 0.000000 0.000000 0.660000 0.000000 -18.288600 1.097316
0.660000 -0.000000 0.000000 0.659950 0.000050 -18.287573 1.097254
0.660000 -0.000000 0.000000 0.659900 0.000100 -18.286546 1.097193
0.660000 -0.000000 0.000000 0.659849 0.000149 -18.285519 1.097131
0.660000 -0.000000 0.000000 0.659799 0.000199 -18.284492 1.097070
0.660000 -0.000000 0.000000 0.659548 0.000448 -18.279358 1.096761
0.660000 -0.000000 0.000000 0.659297 0.000697 -18.274224 1.096453
0.660000 -0.000000 0.000000 0.659046 0.000946 -18.269090 1.096145
0.660000 -0.000000 0.000000 0.658795 0.001194 -18.263957 1.095837
0.660000 -0.000000 0.000000 0.657542 0.002437 -18.238299 1.094298
0.660000 -0.000000 0.000000 0.656290 0.003678 -18.212652 1.092759
0.660000 -0.000001 0.000001 0.655040 0.004917 -18.187018 1.091221
0.660000 -0.000001 0.000001 0.653792 0.006154 -18.161395 1.089684
0.660000 -0.000003 0.000003 0.647578 0.012315 -18.033460 1.082008
0.660000 -0.000008 0.000007 0.641408 0.018432 -17.905822 1.074349
0.660000 -0.000013 0.000013 0.635281 0.024506 -17.778480 1.066709
0.660000 -0.000021 0.000021 0.629197 0.030537 -17.651436 1.059086
0.660000 -0.000083 0.000082 0.599422 0.060055 -17.020673 1.021240
0.660000 -0.000184 0.000182 0.570701 0.088529 -16.397348 0.983841
0.660000 -0.000323 0.000321 0.543013 0.115981 -15.781465 0.946888
0.660000 -0.000499 0.000495 0.516333 0.142435 -15.173030 0.910382
0.660000 -0.001463 0.001451 0.424937 0.233084 -12.958905 0.777534
0.660000 -0.002857 0.002833 0.346285 0.311153 -10.849296 0.650958
0.660000 -0.004619 0.004581 0.279328 0.377702 -8.843733 0.530624
0.660000 -0.006692 0.006638 0.223081 0.433721 -6.941478 0.416489
0.660000 -0.010195 0.010117 0.157936 0.498869 -4.331236 0.259874
0.660000 -0.014113 0.014012 0.111232 0.545987 -1.936045 0.116163
0.660000 -0.018318 0.018200 0.080481 0.577566 0.251659 -0.015100
0.660000 -0.022700 0.022572 0.063382 0.595904 2.240918 -0.134455
0.660000 -0.028548 0.028423 0.058132 0.603387 4.563576 -0.273815
0.660000 -0.034368 0.034272 0.068550 0.595868 6.591400 -0.395484
0.660000 -0.040031 0.039994 0.091061 0.576883 8.352363 -0.501142
0.660000 -0.045428 0.045488 0.122588 0.549472 9.872402 -0.592344
0.660000 -0.051348 0.051578 0.167927 0.509695 11.389992 -0.683400
0.660000 -0.056713 0.057181 0.219069 0.464798 12.645527 -0.758732
0.660000 -0.061475 0.062256 0.273533 0.417183 13.672818 -0.820369
0.660000 -0.065602 0.066778 0.329393 0.368705 14.498975 -0.869939
0.660000 -0.069463 0.071187 0.392062 0.314875 15.215957 -0.912957
0.660000 -0.072522 0.074913 0.453405 0.262851 15.740030 -0.944402
0.660000 -0.074809 0.077989 0.512505 0.213454 16.097726 -0.965864
0.660000 -0.076351 0.080447 0.568679 0.167285 16.311212 -0.978673
0.660000 -0.077219 0.082448 0.625392 0.121598 16.402243 -0.984135
0.660000 -0.077328 0.083844 0.677996 0.080192 16.372351 -0.982341
0.660000 -0.076738 0.084698 0.726402 0.043079 16.242277 -0.974537
0.660000 -0.075506 0.085067 0.770549 0.010253 16.030333 -0.961820
0.660000 -0.073885 0.085028 0.806793 -0.015786 15.782181 -0.946931
0.660000 -0.071830 0.084682 0.839734 -0.038585 15.491819 -0.929509
0.660000 -0.069382 0.084071 0.869527 -0.058329 15.169064 -0.910144
0.660000 -0.066579 0.083230 0.896318 -0.075191 14.822597 -0.889356
0.660000 -0.063396 0.082173 0.920690 -0.089598 14.453217 -0.867193
0.660000 -0.059918 0.080947 0.942360 -0.101469 14.073865 -0.844432
0.660000 -0.056180 0.079586 0.961561 -0.111054 13.690187 -0.821411
0.660000 -0.052212 0.078115 0.978510 -0.118579 13.306905 -0.798414
0.660000 -0.047112 0.076214 0.996396 -0.125276 12.846771 -0.770806
0.660000 -0.041754 0.074227 1.011697 -0.129697 12.397531 -0.743852
0.660000 -0.036177 0.072187 1.024812 -0.132243 11.962366 -0.717742
0.660000 -0.030410 0.070120 1.036076 -0.133253 11.543531 -0.692612
0.660000 -0.023281 0.067635 1.047573 -0.132865 11.064538 -0.663872
0.660000 -0.015955 0.065169 1.057362 -0.131211 10.610297 -0.636618
0.660000 -0.008457 0.062742 1.065860 -0.128696 10.179397 -0.610764
0.660000 -0.000810 0.060367 1.073385 -0.125630 9.770623 -0.586237
0.660000 0.010356 0.057083 1.083001 -0.120801 9.221433 -0.553286
0.660000 0.021767 0.053927 1.091681 -0.115832 8.706025 -0.522362
0.660000 0.033411 0.050894 1.099715 -0.110973 8.216919 -0.493015
0.660000 0.045265 0.047984 1.107346 -0.106439 7.751154 -0.465069
0.660000 0.055411 0.045627 1.113577 -0.102962 7.374736 -0.442484
0.660000 0.065696 0.043345 1.119598 -0.099755 7.009935 -0.420596
0.660000 0.076114 0.041132 1.125385 -0.096780 6.655321 -0.399319
0.660000 0.086661 0.038982 1.130940 -0.094024 6.309910 -0.378595
0.660000 0.098662 0.036638 1.136902 -0.091168 5.931679 -0.355901
0.660000 0.110809 0.034364 1.142507 -0.088494 5.563481 -0.333809
0.660000 0.123093 0.032156 1.147722 -0.085953 5.204968 -0.312298
0.660000 0.135505 0.030010 1.152541 -0.083524 4.855765 -0.291346
0.660000 0.151979 0.027283 1.158258 -0.080472 4.410829 -0.264650
0.660000 0.168631 0.024657 1.163257 -0.077523 3.981528 -0.238892
0.660000 0.185437 0.022127 1.167541 -0.074651 3.567902 -0.214074
0.660000 0.202374 0.019693 1.171130 -0.071847 3.169471 -0.190168
0.660000 0.227430 0.016282 1.175159 -0.067808 2.611208 -0.156672
0.660000 0.252648 0.013065 1.177823 -0.063897 2.084783 -0.125087
0.660000 0.277961 0.010041 1.179246 -0.060152 1.589555 -0.095373
0.660000 0.303313 0.007197 1.179463 -0.056524 1.124004 -0.067440
0.660000 0.326432 0.004752 1.178644 -0.053281 0.724157 -0.043449
0.660000 0.349494 0.002450 1.176953 -0.050142 0.347665 -0.020860
0.660000 0.372463 0.000285 1.174449 -0.047106 -0.006360 0.000382
0.660000 0.395304 -0.001747 1.171187 -0.044174 -0.338583 0.020315
0.660000 0.428579 -0.004505 1.165120 -0.040045 -0.789237 0.047354
0.660000 0.461411 -0.006998 1.157686 -0.036134 -1.196585 0.071795
0.660000 0.493715 -0.009241 1.149043 -0.032446 -1.562472 0.093748
0.660000 0.525416 -0.011248 1.139332 -0.028973 -1.890069 0.113404
0.660000 0.556951 -0.013063 1.128456 -0.025609 -2.185620 0.131137
0.660000 0.587735 -0.014663 1.116757 -0.022469 -2.446171 0.146770
0.660000 0.617717 -0.016061 1.104404 -0.019590 -2.675014 0.160501
0.660000 0.646854 -0.017271 1.091395 -0.016852 -2.872465 0.172348
0.660000 0.662386 -0.017856 1.084033 -0.015396 -2.967092 0.178026
0.660000 0.677649 -0.018390 1.076554 -0.014009 -3.053418 0.183205
0.660000 0.692638 -0.018874 1.068962 -0.012680 -3.131729 0.187904
0.660000 0.707350 -0.019312 1.061274 -0.011408 -3.202407 0.192144
0.660000 0.721781 -0.019704 1.053506 -0.010195 -3.265806 0.195948
0.660000 0.735929 -0.020053 1.045663 -0.009031 -3.322148 0.199329
0.660000 0.749790 -0.020360 1.037759 -0.007916 -3.371698 0.202302
0.660000 0.763364 -0.020628 1.029806 -0.006847 -3.414748 0.204885
0.660000 0.781106 -0.020928 1.019085 -0.005483 -3.462747 0.207765
0.660000 0.798326 -0.021163 1.008323 -0.004199 -3.500189 0.210011
0.660000 0.815021 -0.021338 0.997549 -0.002994 -3.527706 0.211662
0.660000 0.831192 -0.021456 0.986784 -0.001863 -3.545903 0.212754
0.660000 0.850171 -0.021528 0.973725 -0.000583 -3.556305 0.213378
0.660000 0.868377 -0.021527 0.960750 0.000596 -3.554789 0.213287
0.660000 0.885818 -0.021459 0.947889 0.001679 -3.542342 0.212541
0.660000 0.902502 -0.021330 0.935178 0.002669 -3.519865 0.211192
0.660000 0.916536 -0.021170 0.924159 0.003463 -3.492556 0.209553
0.660000 0.930001 -0.020971 0.913294 0.004192 -3.458775 0.207527
0.660000 0.942905 -0.020735 0.902596 0.004857 -3.419056 0.205143
0.660000 0.955257 -0.020466 0.892080 0.005464 -3.373938 0.202436
0.660000 0.969730 -0.020094 0.879390 0.006134 -3.311652 0.198699
0.660000 0.983400 -0.019681 0.867015 0.006724 -3.242800 0.194568
0.660000 0.996287 -0.019233 0.854972 0.007236 -3.168231 0.190094
0.660000 1.008413 -0.018754 0.843275 0.007678 -3.088682 0.185321
0.660000 1.018550 -0.018308 0.833199 0.008014 -3.014535 0.180872
0.660000 1.028122 -0.017844 0.823413 0.008301 -2.937517 0.176251
0.660000 1.037146 -0.017364 0.813920 0.008543 -2.858051 0.171483
0.660000 1.045638 -0.016873 0.804727 0.008741 -2.776588 0.166595
0.660000 1.053616 -0.016371 0.795835 0.008898 -2.693534 0.161612
0.660000 1.061097 -0.015861 0.787248 0.009017 -2.609232 0.156554
0.660000 1.068098 -0.015346 0.778968 0.009098 -2.524027 0.151442
0.660000 1.074636 -0.014827 0.770993 0.009148 -2.438232 0.146294
0.660000 1.081598 -0.014228 0.762207 0.009168 -2.339333 0.140360
0.660000 1.087998 -0.013629 0.753819 0.009153 -2.240445 0.134427
0.660000 1.093864 -0.013033 0.745820 0.009110 -2.141945 0.128517
0.660000 1.099220 -0.012440 0.738211 0.009035 -2.044147 0.122649
0.660000 1.104056 -0.011858 0.731040 0.008934 -1.948146 0.116889
0.660000 1.108440 -0.011284 0.724241 0.008808 -1.853390 0.111203
0.660000 1.112393 -0.010717 0.717814 0.008649 -1.760053 0.105603
0.660000 1.115942 -0.010161 0.711741 0.008474 -1.668497 0.100110
0.660000 1.118627 -0.009703 0.706899 0.008320 -1.593050 0.095583
0.660000 1.121056 -0.009254 0.702295 0.008156 -1.519051 0.091143
0.660000 1.123240 -0.008815 0.697921 0.007987 -1.446673 0.086800
0.660000 1.125193 -0.008385 0.693773 0.007809 -1.375864 0.082552
0.660000 1.126807 -0.007994 0.690126 0.007635 -1.311597 0.078696
0.660000 1.128242 -0.007613 0.686665 0.007454 -1.248822 0.074929
0.660000 1.129506 -0.007241 0.683385 0.007269 -1.187532 0.071252
0.660000 1.130609 -0.006878 0.680280 0.007080 -1.127822 0.067669
0.660000 1.131821 -0.006419 0.676478 0.006833 -1.052274 0.063136
0.660000 1.132791 -0.005977 0.672957 0.006579 -0.979503 0.058770
0.660000 1.133537 -0.005551 0.669711 0.006315 -0.909617 0.054577
0.660000 1.134078 -0.005142 0.666715 0.006055 -0.842520 0.050551
0.660000 1.134338 -0.004872 0.664799 0.005881 -0.798088 0.047885
0.660000 1.134514 -0.004610 0.662995 0.005706 -0.754970 0.045298
0.660000 1.134610 -0.004356 0.661296 0.005533 -0.713157 0.042789
0.660000 1.134633 -0.004110 0.659703 0.005360 -0.672656 0.040359
0.660000 1.134585 -0.003871 0.658212 0.005185 -0.633473 0.038008
0.660000 1.134472 -0.003640 0.656817 0.005013 -0.595585 0.035735
0.660000 1.134299 -0.003418 0.655516 0.004841 -0.558976 0.033539
0.660000 1.134068 -0.003202 0.654305 0.004671 -0.523637 0.031418
0.660000 1.133696 -0.002938 0.652879 0.004458 -0.480264 0.028816
0.660000 1.133246 -0.002686 0.651588 0.004249 -0.438906 0.026334
0.660000 1.132726 -0.002446 0.650425 0.004043 -0.399536 0.023972
0.660000 1.132141 -0.002218 0.649382 0.003843 -0.362100 0.021726
0.660000 1.131204 -0.001911 0.648084 0.003560 -0.311714 0.018703
0.660000 1.130168 -0.001627 0.647002 0.003290 -0.265058 0.015904
0.660000 1.129050 -0.001364 0.646115 0.003034 -0.221914 0.013315
0.660000 1.127866 -0.001123 0.645414 0.002784 -0.182290 0.010937
0.660000 1.127287 -0.001015 0.645143 0.002668 -0.164732 0.009884
0.660000 1.126697 -0.000913 0.644906 0.002555 -0.147902 0.008874
0.660000 1.126099 -0.000814 0.644703 0.002445 -0.131791 0.007907
0.660000 1.125493 -0.000720 0.644532 0.002338 -0.116372 0.006982
0.660000 1.124881 -0.000630 0.644391 0.002235 -0.101622 0.006097
0.660000 1.124264 -0.000544 0.644280 0.002134 -0.087535 0.005252
0.660000 1.123644 -0.000462 0.644197 0.002035 -0.074096 0.004446
0.660000 1.123021 -0.000384 0.644140 0.001939 -0.061288 0.003677
0.660000 1.122127 -0.000278 0.644103 0.001806 -0.044049 0.002643
0.660000 1.121233 -0.000180 0.644113 0.001678 -0.028016 0.001681
0.660000 1.120340 -0.000089 0.644167 0.001555 -0.013140 0.000788
0.660000 1.119452 -0.000005 0.644262 0.001437 0.000624 -0.000037
0.660000 1.118443 0.000083 0.644415 0.001309 0.015067 -0.000904
0.660000 1.117446 0.000163 0.644611 0.001187 0.028185 -0.001691
0.660000 1.116463 0.000236 0.644847 0.001071 0.040043 -0.002403
0.660000 1.115496 0.000301 0.645118 0.000961 0.050713 -0.003043
0.660000 1.114548 0.000360 0.645419 0.000858 0.060262 -0.003616
0.660000 1.113620 0.000412 0.645747 0.000760 0.068752 -0.004125
0.660000 1.112714 0.000458 0.646097 0.000670 0.076246 -0.004575
0.660000 1.111831 0.000498 0.646468 0.000584 0.082806 -0.004968
0.660000 1.111096 0.000528 0.646798 0.000515 0.087708 -0.005262
0.660000 1.110379 0.000555 0.647139 0.000450 0.092003 -0.005520
0.660000 1.109682 0.000578 0.647490 0.000387 0.095729 -0.005744
0.660000 1.109004 0.000598 0.647848 0.000329 0.098914 -0.005935
0.660000 1.108432 0.000612 0.648162 0.000281 0.101264 -0.006076
0.660000 1.107874 0.000624 0.648480 0.000237 0.103255 -0.006195
0.660000 1.107332 0.000635 0.648800 0.000194 0.104903 -0.006294
0.660000 1.106806 0.000643 0.649122 0.000155 0.106229 -0.006374
0.660000 1.106244 0.000650 0.649477 0.000113 0.107340 -0.006440
0.660000 1.105701 0.000655 0.649832 0.000075 0.108108 -0.006486
0.660000 1.105177 0.000658 0.650187 0.000038 0.108557 -0.006513
0.660000 1.104671 0.000659 0.650540 0.000005 0.108706 -0.006522
0.660000 1.103945 0.000658 0.651066 -0.000041 0.108420 -0.006505
0.660000 1.103260 0.000653 0.651585 -0.000081 0.107569 -0.006454
0.660000 1.102615 0.000645 0.652096 -0.000119 0.106204 -0.006372
0.660000 1.102010 0.000634 0.652595 -0.000150 0.104407 -0.006264
0.660000 1.101684 0.000627 0.652872 -0.000166 0.103223 -0.006193
0.660000 1.101370 0.000619 0.653145 -0.000181 0.101926 -0.006116
0.660000 1.101069 0.000611 0.653413 -0.000194 0.100528 -0.006032
0.660000 1.100779 0.000602 0.653677 -0.000206 0.099035 -0.005942
0.660000 1.100501 0.000592 0.653936 -0.000217 0.097453 -0.005847
0.660000 1.100235 0.000582 0.654190 -0.000227 0.095793 -0.005748
0.660000 1.099980 0.000572 0.654438 -0.000236 0.094063 -0.005644
0.660000 1.099736 0.000561 0.654681 -0.000245 0.092271 -0.005536
0.660000 1.099422 0.000546 0.655002 -0.000254 0.089755 -0.005385
0.660000 1.099127 0.000530 0.655312 -0.000262 0.087155 -0.005229
0.660000 1.098852 0.000514 0.655611 -0.000268 0.084483 -0.005069
0.660000 1.098593 0.000498 0.655901 -0.000273 0.081758 -0.004905
0.660000 1.098261 0.000474 0.656288 -0.000278 0.077858 -0.004671
0.660000 1.097960 0.000450 0.656655 -0.000280 0.073921 -0.004435
0.660000 1.097690 0.000426 0.656999 -0.000280 0.069995 -0.004200
0.660000 1.097448 0.000403 0.657325 -0.000279 0.066068 -0.003964
0.660000 1.097342 0.000391 0.657473 -0.000278 0.064189 -0.003851
0.660000 1.097242 0.000380 0.657617 -0.000277 0.062320 -0.003739
0.660000 1.097147 0.000369 0.657756 -0.000275 0.060463 -0.003628
0.660000 1.097059 0.000358 0.657890 -0.000272 0.058622 -0.003517
0.660000 1.096975 0.000347 0.658020 -0.000270 0.056801 -0.003408
0.660000 1.096897 0.000336 0.658146 -0.000267 0.054999 -0.003300
0.660000 1.096824 0.000325 0.658267 -0.000264 0.053216 -0.003193
0.660000 1.096756 0.000314 0.658384 -0.000261 0.051455 -0.003087
0.660000 1.096660 0.000298 0.658555 -0.000255 0.048794 -0.002928
0.660000 1.096575 0.000282 0.658717 -0.000249 0.046192 -0.002771
0.660000 1.096499 0.000267 0.658870 -0.000243 0.043653 -0.002619
0.660000 1.096433 0.000252 0.659013 -0.000237 0.041180 -0.002471
0.660000 1.096362 0.000233 0.659181 -0.000228 0.038163 -0.002290
0.660000 1.096304 0.000216 0.659336 -0.000219 0.035256 -0.002115
0.660000 1.096257 0.000199 0.659478 -0.000211 0.032455 -0.001947
0.660000 1.096221 0.000182 0.659608 -0.000201 0.029777 -0.001787
0.660000 1.096203 0.000173 0.659683 -0.000195 0.028154 -0.001689
0.660000 1.096189 0.000163 0.659754 -0.000189 0.026581 -0.001595
0.660000 1.096179 0.000154 0.659821 -0.000183 0.025060 -0.001504
0.660000 1.096171 0.000145 0.659884 -0.000177 0.023587 -0.001415
0.660000 1.096167 0.000136 0.659942 -0.000171 0.022159 -0.001330
0.660000 1.096166 0.000128 0.659997 -0.000165 0.020780 -0.001247
0.660000 1.096167 0.000120 0.660048 -0.000160 0.019449 -0.001167
0.660000 1.096170 0.000112 0.660096 -0.000154 0.018166 -0.001090
0.660000 1.096176 0.000105 0.660136 -0.000149 0.017037 -0.001022
0.660000 1.096183 0.000098 0.660173 -0.000143 0.015947 -0.000957
0.660000 1.096191 0.000092 0.660208 -0.000138 0.014896 -0.000894
0.660000 1.096201 0.000086 0.660240 -0.000133 0.013884 -0.000833
