0.140000 0.000000 0.000000 0.140000 0.000000 -3.879400 0.232764
0.140000 -0.000000 0.000000 0.139950 0.000050 -3.878373 0.232702
0.140000 -0.000000 0.000000 0.139900 0.000100 -3.877346 0.232641
0.140000 -0.000000 0.000000 0.139849 0.000149 -3.876319 0.232579
0.140000 -0.000000 0.000000 0.139799 0.000199 -3.875293 0.232518
0.140000 -0.000000 0.000000 0.139548 0.000448 -3.870160 0.232210
0.140000 -0.000000 0.000000 0.139298 0.000696 -3.865030 0.231902
0.140000 -0.000000 0.000000 0.139048 0.000944 -3.859903 0.231594
0.140000 -0.000000 0.000000 0.138798 0.001191 -3.854777 0.231287
0.140000 -0.000001 0.000001 0.137554 0.002425 -3.829183 0.229751
0.140000 -0.000001 0.000001 0.136319 0.003649 -3.803645 0.228219
0.140000 -0.000002 0.000002 0.135091 0.004866 -3.778164 0.226690
0.140000 -0.000004 0.000004 0.133872 0.006075 -3.752738 0.225164
0.140000 -0.000016 0.000015 0.127898 0.011998 -3.626449 0.217587
0.140000 -0.000035 0.000034 0.122122 0.017723 -3.501562 0.210094
0.140000 -0.000061 0.000060 0.116542 0.023256 -3.378079 0.202685
0.140000 -0.000094 0.000093 0.111154 0.028599 -3.255999 0.195360
0.140000 -0.000357 0.000354 0.086941 0.052615 -2.666663 0.160000
0.140000 -0.000761 0.000754 0.066933 0.072481 -2.112224 0.126733
0.140000 -0.001279 0.001269 0.050691 0.088641 -1.592252 0.095535
0.140000 -0.001891 0.001876 0.037805 0.101507 -1.106160 0.066370
0.140000 -0.002737 0.002717 0.026030 0.113343 -0.554939 0.033296
0.140000 -0.003660 0.003636 0.018117 0.121416 -0.051705 0.003102
0.140000 -0.004633 0.004606 0.013499 0.126287 0.405623 -0.024337
0.140000 -0.005630 0.005602 0.011670 0.128466 0.819203 -0.049152
0.140000 -0.006918 0.006895 0.012693 0.128028 1.291264 -0.077476
0.140000 -0.008180 0.008168 0.016763 0.124687 1.699920 -0.101995
0.140000 -0.009390 0.009397 0.023173 0.119142 2.050584 -0.123035
0.140000 -0.010527 0.010562 0.031310 0.111995 2.348323 -0.140899
0.140000 -0.011766 0.011849 0.042586 0.102054 2.641570 -0.158494
0.140000 -0.012863 0.013010 0.054926 0.091191 2.874836 -0.172490
0.140000 -0.013810 0.014040 0.067799 0.079920 3.055994 -0.183360
0.140000 -0.014602 0.014935 0.080764 0.068665 3.191931 -0.191516
0.140000 -0.015267 0.015731 0.094171 0.057157 3.293245 -0.197595
0.140000 -0.015765 0.016386 0.107072 0.046236 3.358278 -0.201497
0.140000 -0.016105 0.016908 0.119296 0.036054 3.393146 -0.203589
0.140000 -0.016295 0.017306 0.130710 0.026728 3.403087 -0.204185
0.140000 -0.016346 0.017583 0.140938 0.018557 3.393234 -0.203594
0.140000 -0.016275 0.017766 0.150327 0.011243 3.367938 -0.202076
0.140000 -0.016095 0.017864 0.158892 0.004762 3.330349 -0.199821
0.140000 -0.015814 0.017887 0.166647 -0.000910 3.283164 -0.196990
0.140000 -0.015456 0.017847 0.173401 -0.005659 3.230619 -0.193837
0.140000 -0.015022 0.017755 0.179484 -0.009750 3.172952 -0.190377
0.140000 -0.014519 0.017617 0.184948 -0.013240 3.111582 -0.186695
0.140000 -0.013955 0.017442 0.189841 -0.016181 3.047714 -0.182863
0.140000 -0.013300 0.017222 0.194441 -0.018748 2.978673 -0.178720
0.140000 -0.012590 0.016973 0.198524 -0.020830 2.908817 -0.174529
0.140000 -0.011833 0.016701 0.202151 -0.022490 2.838839 -0.170330
0.140000 -0.011032 0.016410 0.205375 -0.023782 2.769309 -0.166159
0.140000 -0.009934 0.016012 0.209040 -0.024993 2.680333 -0.160820
0.140000 -0.008781 0.015597 0.212209 -0.025774 2.593368 -0.155602
0.140000 -0.007580 0.015172 0.214974 -0.026216 2.508718 -0.150523
0.140000 -0.006337 0.014743 0.217405 -0.026392 2.426646 -0.145599
0.140000 -0.004615 0.014167 0.220241 -0.026313 2.321103 -0.139266
0.140000 -0.002835 0.013596 0.222713 -0.025989 2.220057 -0.133203
0.140000 -0.001004 0.013033 0.224914 -0.025508 2.123060 -0.127384
0.140000 0.000872 0.012482 0.226910 -0.024936 2.029974 -0.121798
0.140000 0.003178 0.011839 0.229105 -0.024196 1.923191 -0.115391
0.140000 0.005538 0.011216 0.231130 -0.023439 1.820786 -0.109247
0.140000 0.007951 0.010611 0.233011 -0.022686 1.722087 -0.103325
0.140000 0.010412 0.010025 0.234777 -0.021962 1.626845 -0.097611
0.140000 0.012732 0.009500 0.236328 -0.021330 1.541480 -0.092489
0.140000 0.015089 0.008990 0.237792 -0.020727 1.458535 -0.087512
0.140000 0.017480 0.008493 0.239169 -0.020149 1.377843 -0.082671
0.140000 0.019904 0.008011 0.240462 -0.019596 1.299289 -0.077957
0.140000 0.022857 0.007448 0.241906 -0.018963 1.207551 -0.072453
0.140000 0.025851 0.006904 0.243227 -0.018355 1.118656 -0.067119
0.140000 0.028881 0.006377 0.244421 -0.017765 1.032537 -0.061952
0.140000 0.031945 0.005867 0.245493 -0.017192 0.949113 -0.056947
0.140000 0.036054 0.005215 0.246732 -0.016457 0.842487 -0.050549
0.140000 0.040206 0.004592 0.247763 -0.015743 0.740425 -0.044426
0.140000 0.044395 0.003996 0.248595 -0.015046 0.642862 -0.038572
0.140000 0.048612 0.003427 0.249237 -0.014367 0.549652 -0.032979
0.140000 0.055553 0.002551 0.249892 -0.013287 0.406239 -0.024374
0.140000 0.062522 0.001742 0.250104 -0.012256 0.273793 -0.016428
0.140000 0.069491 0.000997 0.249921 -0.011284 0.151852 -0.009111
0.140000 0.076435 0.000313 0.249361 -0.010352 0.039875 -0.002392
0.140000 0.082603 -0.000249 0.248568 -0.009552 -0.052100 0.003126
0.140000 0.088719 -0.000768 0.247526 -0.008785 -0.136789 0.008207
0.140000 0.094770 -0.001244 0.246250 -0.008042 -0.214593 0.012876
0.140000 0.100744 -0.001680 0.244773 -0.007336 -0.285703 0.017142
0.140000 0.105741 -0.002019 0.243382 -0.006771 -0.340996 0.020460
0.140000 0.110669 -0.002331 0.241870 -0.006230 -0.391936 0.023516
0.140000 0.115522 -0.002617 0.240251 -0.005713 -0.438661 0.026320
0.140000 0.120294 -0.002880 0.238533 -0.005219 -0.481404 0.028884
0.140000 0.125102 -0.003124 0.236676 -0.004733 -0.521315 0.031279
0.140000 0.129816 -0.003346 0.234736 -0.004269 -0.557386 0.033443
0.140000 0.134433 -0.003545 0.232723 -0.003828 -0.589818 0.035389
0.140000 0.138949 -0.003724 0.230645 -0.003408 -0.618765 0.037126
0.140000 0.143797 -0.003896 0.228296 -0.002971 -0.646783 0.038807
0.140000 0.148517 -0.004046 0.225892 -0.002558 -0.671024 0.040261
0.140000 0.153105 -0.004174 0.223441 -0.002168 -0.691699 0.041502
0.140000 0.157559 -0.004281 0.220956 -0.001803 -0.709031 0.042542
0.140000 0.161877 -0.004370 0.218445 -0.001460 -0.723229 0.043394
0.140000 0.166059 -0.004440 0.215916 -0.001139 -0.734483 0.044069
0.140000 0.170104 -0.004493 0.213378 -0.000840 -0.742985 0.044579
0.140000 0.174011 -0.004531 0.210838 -0.000560 -0.748915 0.044935
0.140000 0.177743 -0.004554 0.208327 -0.000302 -0.752421 0.045145
0.140000 0.181339 -0.004564 0.205827 -0.000062 -0.753745 0.045225
0.140000 0.184802 -0.004561 0.203342 0.000160 -0.753046 0.045183
0.140000 0.188133 -0.004547 0.200879 0.000366 -0.750472 0.045028
0.140000 0.191123 -0.004524 0.198603 0.000544 -0.746504 0.044790
0.140000 0.193999 -0.004493 0.196354 0.000707 -0.741144 0.044469
0.140000 0.196764 -0.004454 0.194134 0.000858 -0.734496 0.044070
0.140000 0.199418 -0.004407 0.191947 0.000996 -0.726668 0.043600
0.140000 0.202331 -0.004346 0.189479 0.001141 -0.716356 0.042981
0.140000 0.205103 -0.004276 0.187061 0.001271 -0.704760 0.042286
0.140000 0.207738 -0.004200 0.184695 0.001387 -0.692019 0.041521
0.140000 0.210239 -0.004117 0.182385 0.001489 -0.678255 0.040695
0.140000 0.213996 -0.003973 0.178786 0.001627 -0.654254 0.039255
0.140000 0.217427 -0.003817 0.175343 0.001737 -0.628352 0.037701
0.140000 0.220547 -0.003652 0.172059 0.001825 -0.600920 0.036055
0.140000 0.223370 -0.003480 0.168948 0.001886 -0.572443 0.034347
0.140000 0.224455 -0.003407 0.167713 0.001903 -0.560466 0.033628
0.140000 0.225494 -0.003334 0.166507 0.001916 -0.548389 0.032903
0.140000 0.226486 -0.003260 0.165330 0.001927 -0.536233 0.032174
0.140000 0.227434 -0.003186 0.164182 0.001935 -0.524015 0.031441
0.140000 0.228339 -0.003112 0.163062 0.001941 -0.511749 0.030705
0.140000 0.229201 -0.003038 0.161972 0.001944 -0.499460 0.029968
0.140000 0.230023 -0.002963 0.160910 0.001944 -0.487166 0.029230
0.140000 0.230804 -0.002889 0.159878 0.001941 -0.474883 0.028493
0.140000 0.231935 -0.002774 0.158338 0.001932 -0.455951 0.027357
0.140000 0.232977 -0.002660 0.156866 0.001918 -0.437138 0.026228
0.140000 0.233934 -0.002547 0.155461 0.001899 -0.418490 0.025109
0.140000 0.234809 -0.002435 0.154122 0.001876 -0.400055 0.024003
0.140000 0.235926 -0.002279 0.152321 0.001838 -0.374185 0.022451
0.140000 0.236896 -0.002125 0.150649 0.001791 -0.348929 0.020936
0.140000 0.237731 -0.001976 0.149105 0.001735 -0.324380 0.019463
0.140000 0.238439 -0.001832 0.147678 0.001676 -0.300616 0.018037
0.140000 0.238744 -0.001763 0.147017 0.001647 -0.289224 0.017353
0.140000 0.239023 -0.001695 0.146383 0.001617 -0.278036 0.016682
0.140000 0.239276 -0.001628 0.145776 0.001587 -0.267061 0.016024
0.140000 0.239504 -0.001563 0.145195 0.001555 -0.256303 0.015378
0.140000 0.239709 -0.001499 0.144639 0.001523 -0.245768 0.014746
0.140000 0.239890 -0.001436 0.144109 0.001489 -0.235459 0.014128
0.140000 0.240051 -0.001375 0.143603 0.001456 -0.225380 0.013523
0.140000 0.240191 -0.001315 0.143121 0.001422 -0.215532 0.012932
0.140000 0.240386 -0.001215 0.142345 0.001364 -0.199156 0.011949
0.140000 0.240527 -0.001120 0.141633 0.001305 -0.183475 0.011009
0.140000 0.240621 -0.001029 0.140984 0.001245 -0.168497 0.010110
0.140000 0.240670 -0.000942 0.140394 0.001186 -0.154217 0.009253
0.140000 0.240680 -0.000879 0.139982 0.001141 -0.143819 0.008629
0.140000 0.240668 -0.000818 0.139601 0.001097 -0.133820 0.008029
0.140000 0.240637 -0.000759 0.139249 0.001053 -0.124215 0.007453
0.140000 0.240587 -0.000703 0.138925 0.001010 -0.115002 0.006900
0.140000 0.240520 -0.000649 0.138629 0.000967 -0.106175 0.006371
0.140000 0.240438 -0.000598 0.138358 0.000925 -0.097730 0.005864
0.140000 0.240342 -0.000549 0.138112 0.000884 -0.089657 0.005379
0.140000 0.240233 -0.000502 0.137890 0.000843 -0.081953 0.004917
0.140000 0.240100 -0.000453 0.137670 0.000799 -0.073876 0.004433
0.140000 0.239955 -0.000406 0.137475 0.000756 -0.066228 0.003974
0.140000 0.239798 -0.000362 0.137305 0.000714 -0.059000 0.003540
0.140000 0.239632 -0.000320 0.137157 0.000674 -0.052177 0.003131
0.140000 0.239438 -0.000277 0.137018 0.000631 -0.045080 0.002705
0.140000 0.239236 -0.000237 0.136902 0.000589 -0.038446 0.002307
0.140000 0.239027 -0.000199 0.136810 0.000548 -0.032250 0.001935
0.140000 0.238813 -0.000164 0.136738 0.000509 -0.026492 0.001590
0.140000 0.238569 -0.000128 0.136680 0.000468 -0.020550 0.001233
0.140000 0.238322 -0.000095 0.136644 0.000429 -0.015121 0.000907
0.140000 0.238074 -0.000064 0.136631 0.000388 -0.010231 0.000614
0.140000 0.237824 -0.000037 0.136633 0.000352 -0.005770 0.000346
0.140000 0.237696 -0.000024 0.136639 0.000336 -0.003599 0.000216
0.140000 0.237567 -0.000011 0.136649 0.000319 -0.001539 0.000092
0.140000 0.237439 0.000001 0.136664 0.000303 0.000415 -0.000025
0.140000 0.237312 0.000012 0.136682 0.000287 0.002262 -0.000136
0.140000 0.237186 0.000023 0.136704 0.000271 0.004002 -0.000240
0.140000 0.237060 0.000033 0.136730 0.000255 0.005643 -0.000339
0.140000 0.236936 0.000042 0.136758 0.000240 0.007189 -0.000431
0.140000 0.236813 0.000051 0.136789 0.000226 0.008643 -0.000519
0.140000 0.236642 0.000063 0.136837 0.000206 0.010532 -0.000632
0.140000 0.236474 0.000073 0.136889 0.000188 0.012255 -0.000735
0.140000 0.236308 0.000083 0.136945 0.000170 0.013819 -0.000829
0.140000 0.236146 0.000091 0.137005 0.000154 0.015232 -0.000914
0.140000 0.235904 0.000103 0.137104 0.000129 0.017125 -0.001028
0.140000 0.235670 0.000113 0.137209 0.000107 0.018707 -0.001122
0.140000 0.235445 0.000121 0.137317 0.000088 0.020006 -0.001200
0.140000 0.235229 0.000127 0.137429 0.000070 0.021045 -0.001263
0.140000 0.235113 0.000130 0.137493 0.000060 0.021517 -0.001291
0.140000 0.235000 0.000133 0.137558 0.000050 0.021917 -0.001315
0.140000 0.234890 0.000135 0.137623 0.000041 0.022251 -0.001335
0.140000 0.234783 0.000136 0.137689 0.000033 0.022522 -0.001351
0.140000 0.234679 0.000138 0.137755 0.000025 0.022733 -0.001364
0.140000 0.234578 0.000139 0.137820 0.000018 0.022889 -0.001373
0.140000 0.234480 0.000139 0.137885 0.000011 0.022992 -0.001380
0.140000 0.234385 0.000140 0.137951 0.000005 0.023046 -0.001383
0.140000 0.234250 0.000140 0.138046 -0.000004 0.023042 -0.001383
0.140000 0.234122 0.000139 0.138141 -0.000012 0.022946 -0.001377
0.140000 0.234000 0.000138 0.138235 -0.000019 0.022771 -0.001366
0.140000 0.233884 0.000137 0.138326 -0.000025 0.022520 -0.001351
0.140000 0.233788 0.000135 0.138406 -0.000030 0.022244 -0.001335
0.140000 0.233696 0.000133 0.138483 -0.000035 0.021920 -0.001315
0.140000 0.233608 0.000131 0.138560 -0.000039 0.021552 -0.001293
0.140000 0.233525 0.000129 0.138635 -0.000043 0.021147 -0.001269
0.140000 0.233447 0.000126 0.138707 -0.000046 0.020711 -0.001243
0.140000 0.233372 0.000123 0.138778 -0.000049 0.020246 -0.001215
0.140000 0.233302 0.000120 0.138847 -0.000051 0.019758 -0.001185
0.140000 0.233236 0.000117 0.138913 -0.000053 0.019249 -0.001155
0.140000 0.233170 0.000114 0.138982 -0.000054 0.018682 -0.001121
0.140000 0.233108 0.000110 0.139049 -0.000056 0.018099 -0.001086
0.140000 0.233050 0.000107 0.139114 -0.000058 0.017504 -0.001050
0.140000 0.232996 0.000103 0.139176 -0.000059 0.016897 -0.001014
0.140000 0.232950 0.000100 0.139231 -0.000060 0.016336 -0.000980
0.140000 0.232907 0.000096 0.139283 -0.000060 0.015770 -0.000946
0.140000 0.232867 0.000093 0.139333 -0.000060 0.015196 -0.000912
0.140000 0.232830 0.000089 0.139381 -0.000059 0.014626 -0.000878
0.140000 0.232798 0.000086 0.139423 -0.000059 0.014113 -0.000847
0.140000 0.232769 0.000083 0.139464 -0.000059 0.013602 -0.000816
0.140000 0.232742 0.000080 0.139503 -0.000058 0.013099 -0.000786
0.140000 0.232717 0.000077 0.139541 -0.000058 0.012599 -0.000756
0.140000 0.232692 0.000074 0.139579 -0.000057 0.012064 -0.000724
0.140000 0.232669 0.000070 0.139616 -0.000056 0.011535 -0.000692
0.140000 0.232649 0.000067 0.139651 -0.000056 0.011010 -0.000661
0.140000 0.232630 0.000064 0.139684 -0.000055 0.010495 -0.000630
0.140000 0.232613 0.000061 0.139717 -0.000054 0.009973 -0.000598
0.140000 0.232597 0.000058 0.139748 -0.000052 0.009464 -0.000568
0.140000 0.232583 0.000055 0.139777 -0.000051 0.008973 -0.000538
0.140000 0.232571 0.000052 0.139804 -0.000049 0.008493 -0.000510
0.140000 0.232560 0.000049 0.139830 -0.000048 0.008022 -0.000481
0.140000 0.232551 0.000046 0.139854 -0.000046 0.007564 -0.000454
0.140000 0.232543 0.000044 0.139878 -0.000046 0.007117 -0.000427
0.140000 0.232536 0.000041 0.139900 -0.000044 0.006683 -0.000401
0.140000 0.232531 0.000039 0.139919 -0.000043 0.006277 -0.000377
0.140000 0.232527 0.000036 0.139937 -0.000042 0.005885 -0.000353
0.140000 0.232524 0.000034 0.139954 -0.000040 0.005505 -0.000330
0.140000 0.232522 0.000032 0.139969 -0.000038 0.005142 -0.000308
0.140000 0.232521 0.000030 0.139983 -0.000036 0.004814 -0.000289
0.140000 0.232520 0.000028 0.139995 -0.000035 0.004497 -0.000270
0.140000 0.232520 0.000026 0.140008 -0.000034 0.004195 -0.000252
0.140000 0.232521 0.000024 0.140019 -0.000033 0.003903 -0.000234
0.140000 0.232522 0.000023 0.140028 -0.000032 0.003656 -0.000219
0.140000 0.232523 0.000021 0.140036 -0.000031 0.003419 -0.000205
0.140000 0.232525 0.000020 0.140043 -0.000030 0.003189 -0.000191
0.140000 0.232527 0.000018 0.140050 -0.000028 0.002969 -0.000178
